0.5 0.5 1 0.01 0.01 0.01
0.52943 0.44483 1.0346 0.01 0.01 0.01
0.5535 0.39739 1.0639 0.01 0.01 0.01
0.57636 0.35169 1.0921 0.01 0.01 0.01
0.5954 0.31149 1.1166 0.01 0.01 0.01
0.6108 0.27651 1.1377 0.01 0.01 0.01
0.62272 0.24652 1.1555 0.01 0.01 0.01
0.63133 0.22126 1.1703 0.01 0.01 0.01
0.63681 0.20047 1.1823 0.01 0.01 0.01
0.63932 0.18391 1.1917 0.01 0.01 0.01
0.63903 0.17132 1.1988 0.01 0.01 0.01
0.6361 0.16245 1.2037 0.01 0.01 0.01
0.63071 0.15705 1.2066 0.01 0.01 0.01
0.62302 0.15486 1.2078 0.01 0.01 0.01
0.6132 0.15563 1.2075 0.01 0.01 0.01
0.60143 0.15911 1.2059 0.01 0.01 0.01
0.58786 0.16506 1.2032 0.01 0.01 0.01
0.57267 0.1732 1.1996 0.01 0.01 0.01
0.55603 0.1833 1.1954 0.01 0.01 0.01
0.5381 0.1951 1.1908 0.01 0.01 0.01
0.51905 0.20835 1.1859 0.01 0.01 0.01
0.49906 0.22279 1.181 0.01 0.01 0.01
0.47828 0.23818 1.1764 0.01 0.01 0.01
0.4569 0.25426 1.1721 0.01 0.01 0.01
0.43507 0.27077 1.1685 0.01 0.01 0.01
0.41296 0.28747 1.1658 0.01 0.01 0.01
0.39075 0.30411 1.1641 0.01 0.01 0.01
0.3686 0.32043 1.1637 0.01 0.01 0.01
0.34667 0.33617 1.1648 0.01 0.01 0.01
0.32515 0.3511 1.1676 0.01 0.01 0.01
0.3042 0.36494 1.1724 0.01 0.01 0.01
0.28398 0.37746 1.1793 0.01 0.01 0.01
0.26466 0.3884 1.1886 0.01 0.01 0.01
0.24642 0.39751 1.2004 0.01 0.01 0.01
0.22941 0.40453 1.2151 0.01 0.01 0.01
0.21382 0.40921 1.2327 0.01 0.01 0.01
0.1998 0.4113 1.2536 0.01 0.01 0.01
0.18753 0.41055 1.2779 0.01 0.01 0.01
0.17718 0.40671 1.3059 0.01 0.01 0.01
0.1689 0.39954 1.3377 0.01 0.01 0.01
0.1628 0.38896 1.3735 0.01 0.01 0.01
0.15893 0.37504 1.4132 0.01 0.01 0.01
0.15729 0.35801 1.4567 0.01 0.01 0.01
0.1578 0.33825 1.5037 0.01 0.01 0.01
0.16036 0.31629 1.5538 0.01 0.01 0.01
0.16483 0.29269 1.6068 0.01 0.01 0.01
0.17108 0.26799 1.6621 0.01 0.01 0.01
0.179 0.24274 1.7194 0.01 0.01 0.01
0.18846 0.2175 1.7784 0.01 0.01 0.01
0.19932 0.19282 1.8386 0.01 0.01 0.01
0.21147 0.16924 1.8997 0.01 0.01 0.01
0.22477 0.14732 1.9612 0.01 0.01 0.01
0.2391 0.12762 2.0229 0.01 0.01 0.01
0.25433 0.11067 2.0843 0.01 0.01 0.01
0.27035 0.097034 2.145 0.01 0.01 0.01
0.28701 0.087262 2.2047 0.01 0.01 0.01
0.30419 0.081904 2.263 0.01 0.01 0.01
0.32178 0.081511 2.3194 0.01 0.01 0.01
0.33963 0.086635 2.3737 0.01 0.01 0.01
0.35764 0.09779 2.4254 0.01 0.01 0.01
0.37567 0.11531 2.4744 0.01 0.01 0.01
0.39362 0.13933 2.5203 0.01 0.01 0.01
0.41139 0.16975 2.5633 0.01 0.01 0.01
0.42889 0.20627 2.6035 0.01 0.01 0.01
0.44604 0.24841 2.6409 0.01 0.01 0.01
0.46274 0.29565 2.6759 0.01 0.01 0.01
0.47893 0.34748 2.7087 0.01 0.01 0.01
0.49452 0.40337 2.7395 0.01 0.01 0.01
0.50942 0.46282 2.7684 0.01 0.01 0.01
0.52355 0.52529 2.7958 0.01 0.01 0.01
0.53683 0.59029 2.8219 0.01 0.01 0.01
0.54918 0.65728 2.8468 0.01 0.01 0.01
0.56051 0.72576 2.8708 0.01 0.01 0.01
0.57075 0.7952 2.8941 0.01 0.01 0.01
0.57981 0.86509 2.917 0.01 0.01 0.01
0.5876 0.93491 2.9396 0.01 0.01 0.01
0.59405 1.0041 2.9622 0.01 0.01 0.01
0.59907 1.0723 2.9849 0.01 0.01 0.01
0.60258 1.1388 3.0081 0.01 0.01 0.01
0.6045 1.2032 3.0319 0.01 0.01 0.01
0.60482 1.2651 3.0565 0.01 0.01 0.01
0.60355 1.3242 3.082 0.01 0.01 0.01
0.60079 1.3805 3.1085 0.01 0.01 0.01
0.59666 1.4339 3.1361 0.01 0.01 0.01
0.59137 1.4844 3.1647 0.01 0.01 0.01
0.58509 1.5324 3.1944 0.01 0.01 0.01
0.57804 1.5778 3.2251 0.01 0.01 0.01
0.57039 1.6209 3.2568 0.01 0.01 0.01
0.56236 1.6617 3.2896 0.01 0.01 0.01
0.55412 1.7004 3.3234 0.01 0.01 0.01
0.54589 1.737 3.3582 0.01 0.01 0.01
0.53784 1.7719 3.394 0.01 0.01 0.01
0.53018 1.805 3.4308 0.01 0.01 0.01
0.52311 1.8365 3.4686 0.01 0.01 0.01
0.51681 1.8666 3.5074 0.01 0.01 0.01
0.51149 1.8953 3.5471 0.01 0.01 0.01
0.50733 1.9228 3.5879 0.01 0.01 0.01
0.50454 1.9493 3.6296 0.01 0.01 0.01
0.50331 1.9748 3.6723 0.01 0.01 0.01
0.50381 1.9995 3.7159 0.01 0.01 0.01
0.50614 2.0235 3.7605 0.01 0.01 0.01
0.51031 2.047 3.8059 0.01 0.01 0.01
0.51621 2.07 3.8521 0.01 0.01 0.01
0.52365 2.0927 3.8989 0.01 0.01 0.01
0.53235 2.1152 3.9464 0.01 0.01 0.01
0.54201 2.1375 3.9942 0.01 0.01 0.01
0.55235 2.1598 4.0424 0.01 0.01 0.01
0.56306 2.1822 4.0907 0.01 0.01 0.01
0.57385 2.2048 4.139 0.01 0.01 0.01
0.58443 2.2276 4.1873 0.01 0.01 0.01
0.5945 2.2509 4.2353 0.01 0.01 0.01
0.60376 2.2746 4.283 0.01 0.01 0.01
0.61194 2.299 4.3302 0.01 0.01 0.01
0.61872 2.3241 4.3768 0.01 0.01 0.01
0.62381 2.3499 4.4226 0.01 0.01 0.01
0.62693 2.3767 4.4675 0.01 0.01 0.01
0.62777 2.4045 4.5115 0.01 0.01 0.01
0.62604 2.4334 4.5543 0.01 0.01 0.01
0.62145 2.4636 4.5959 0.01 0.01 0.01
0.61372 2.495 4.636 0.01 0.01 0.01
0.60272 2.5279 4.6746 0.01 0.01 0.01
0.58844 2.5622 4.7116 0.01 0.01 0.01
0.57104 2.5979 4.7466 0.01 0.01 0.01
0.55081 2.635 4.7797 0.01 0.01 0.01
0.5282 2.6734 4.8105 0.01 0.01 0.01
0.50363 2.7131 4.8389 0.01 0.01 0.01
0.47758 2.754 4.8648 0.01 0.01 0.01
0.45048 2.7961 4.8879 0.01 0.01 0.01
0.42279 2.8392 4.908 0.01 0.01 0.01
0.39496 2.8833 4.9249 0.01 0.01 0.01
0.36743 2.9283 4.9385 0.01 0.01 0.01
0.34067 2.9742 4.9486 0.01 0.01 0.01
0.31512 3.0208 4.955 0.01 0.01 0.01
0.29122 3.0682 4.9575 0.01 0.01 0.01
0.26944 3.1163 4.9559 0.01 0.01 0.01
0.25022 3.1649 4.9501 0.01 0.01 0.01
0.23402 3.2141 4.9397 0.01 0.01 0.01
0.22128 3.2637 4.9248 0.01 0.01 0.01
0.21245 3.3137 4.905 0.01 0.01 0.01
0.20796 3.364 4.8802 0.01 0.01 0.01
0.20809 3.4146 4.8503 0.01 0.01 0.01
0.21294 3.4654 4.8156 0.01 0.01 0.01
0.22247 3.5162 4.7761 0.01 0.01 0.01
0.23643 3.5671 4.7324 0.01 0.01 0.01
0.25447 3.6179 4.685 0.01 0.01 0.01
0.27617 3.6686 4.6343 0.01 0.01 0.01
0.30115 3.719 4.5809 0.01 0.01 0.01
0.329 3.7692 4.5255 0.01 0.01 0.01
0.35933 3.819 4.4684 0.01 0.01 0.01
0.39173 3.8683 4.4104 0.01 0.01 0.01
0.42581 3.9171 4.3519 0.01 0.01 0.01
0.46116 3.9653 4.2934 0.01 0.01 0.01
0.49739 4.0128 4.2355 0.01 0.01 0.01
0.5341 4.0595 4.1788 0.01 0.01 0.01
0.5709 4.1054 4.1238 0.01 0.01 0.01
0.60737 4.1503 4.0711 0.01 0.01 0.01
0.64313 4.1943 4.0211 0.01 0.01 0.01
0.67777 4.2371 3.9745 0.01 0.01 0.01
0.7109 4.2787 3.9318 0.01 0.01 0.01
0.74213 4.3191 3.8935 0.01 0.01 0.01
0.77119 4.3582 3.86 0.01 0.01 0.01
0.79791 4.396 3.8314 0.01 0.01 0.01
0.82227 4.4324 3.8078 0.01 0.01 0.01
0.84433 4.4674 3.789 0.01 0.01 0.01
0.86427 4.5011 3.7748 0.01 0.01 0.01
0.88231 4.5336 3.7647 0.01 0.01 0.01
0.89863 4.5647 3.7584 0.01 0.01 0.01
0.91343 4.5947 3.7557 0.01 0.01 0.01
0.92692 4.6234 3.7561 0.01 0.01 0.01
0.93929 4.651 3.7593 0.01 0.01 0.01
0.95074 4.6774 3.765 0.01 0.01 0.01
0.96148 4.7027 3.7729 0.01 0.01 0.01
0.9717 4.727 3.7825 0.01 0.01 0.01
0.9816 4.7502 3.7937 0.01 0.01 0.01
0.99138 4.7723 3.8059 0.01 0.01 0.01
1.0012 4.7935 3.819 0.01 0.01 0.01
1.0114 4.8137 3.8325 0.01 0.01 0.01
1.022 4.833 3.8461 0.01 0.01 0.01
1.0333 4.8514 3.8595 0.01 0.01 0.01
1.0455 4.869 3.8724 0.01 0.01 0.01
1.0586 4.8856 3.8845 0.01 0.01 0.01
1.0729 4.9015 3.8955 0.01 0.01 0.01
1.0883 4.9166 3.9055 0.01 0.01 0.01
1.1048 4.931 3.9144 0.01 0.01 0.01
1.1222 4.9446 3.9222 0.01 0.01 0.01
1.1406 4.9576 3.9291 0.01 0.01 0.01
1.1597 4.9699 3.935 0.01 0.01 0.01
1.1796 4.9815 3.94 0.01 0.01 0.01
1.2001 4.9926 3.9441 0.01 0.01 0.01
1.2211 5.003 3.9475 0.01 0.01 0.01
1.2425 5.013 3.9502 0.01 0.01 0.01
1.2643 5.0224 3.9523 0.01 0.01 0.01
1.2863 5.0314 3.9537 0.01 0.01 0.01
1.3084 5.0399 3.9546 0.01 0.01 0.01
1.3306 5.0479 3.9551 0.01 0.01 0.01
1.3528 5.0556 3.9551 0.01 0.01 0.01
1.3748 5.0629 3.9548 0.01 0.01 0.01
1.3966 5.0699 3.9541 0.01 0.01 0.01
1.418 5.0765 3.9532 0.01 0.01 0.01
1.439 5.0829 3.9522 0.01 0.01 0.01
1.4595 5.0891 3.9509 0.01 0.01 0.01
1.4793 5.0951 3.9495 0.01 0.01 0.01
1.4982 5.101 3.948 0.01 0.01 0.01
1.5159 5.107 3.9462 0.01 0.01 0.01
1.5324 5.1131 3.9442 0.01 0.01 0.01
1.5472 5.1196 3.9419 0.01 0.01 0.01
1.5603 5.1264 3.9391 0.01 0.01 0.01
1.5712 5.1339 3.9358 0.01 0.01 0.01
1.5799 5.142 3.932 0.01 0.01 0.01
1.586 5.1509 3.9276 0.01 0.01 0.01
1.5893 5.1608 3.9225 0.01 0.01 0.01
1.5896 5.1717 3.9167 0.01 0.01 0.01
1.5866 5.1838 3.91 0.01 0.01 0.01
1.5801 5.1973 3.9025 0.01 0.01 0.01
1.5698 5.2122 3.894 0.01 0.01 0.01
1.5556 5.2287 3.8845 0.01 0.01 0.01
1.537 5.247 3.8739 0.01 0.01 0.01
1.514 5.267 3.8622 0.01 0.01 0.01
1.4863 5.2891 3.8492 0.01 0.01 0.01
1.4536 5.3132 3.8349 0.01 0.01 0.01
1.4159 5.3395 3.8193 0.01 0.01 0.01
1.3733 5.368 3.8024 0.01 0.01 0.01
1.3261 5.3987 3.7842 0.01 0.01 0.01
1.2747 5.4315 3.7648 0.01 0.01 0.01
1.2198 5.4662 3.7442 0.01 0.01 0.01
1.162 5.5029 3.7226 0.01 0.01 0.01
1.102 5.5412 3.7 0.01 0.01 0.01
1.0403 5.5812 3.6766 0.01 0.01 0.01
0.9777 5.6226 3.6525 0.01 0.01 0.01
0.91473 5.6654 3.6277 0.01 0.01 0.01
0.85206 5.7095 3.6023 0.01 0.01 0.01
0.79034 5.7546 3.5765 0.01 0.01 0.01
0.73021 5.8007 3.5503 0.01 0.01 0.01
0.6723 5.8476 3.5239 0.01 0.01 0.01
0.61726 5.8953 3.4973 0.01 0.01 0.01
0.56572 5.9436 3.4706 0.01 0.01 0.01
0.51834 5.9924 3.4439 0.01 0.01 0.01
0.47574 6.0415 3.4174 0.01 0.01 0.01
0.43857 6.0908 3.3911 0.01 0.01 0.01
0.40743 6.1402 3.3651 0.01 0.01 0.01
0.38276 6.1896 3.3395 0.01 0.01 0.01
0.36477 6.2388 3.3145 0.01 0.01 0.01
0.35346 6.2878 3.2902 0.01 0.01 0.01
0.34865 6.3363 3.2668 0.01 0.01 0.01
0.34993 6.3843 3.2444 0.01 0.01 0.01
0.35691 6.4317 3.2233 0.01 0.01 0.01
0.36915 6.4782 3.2035 0.01 0.01 0.01
0.38626 6.5239 3.1854 0.01 0.01 0.01
0.40781 6.5684 3.169 0.01 0.01 0.01
0.43339 6.6119 3.1545 0.01 0.01 0.01
0.46259 6.654 3.1422 0.01 0.01 0.01
0.49498 6.6947 3.1322 0.01 0.01 0.01
0.53015 6.7338 3.1246 0.01 0.01 0.01
0.5677 6.7713 3.1197 0.01 0.01 0.01
0.60719 6.8069 3.1177 0.01 0.01 0.01
0.64822 6.8406 3.1187 0.01 0.01 0.01
0.69038 6.8723 3.1229 0.01 0.01 0.01
0.73324 6.9018 3.1304 0.01 0.01 0.01
0.7764 6.9289 3.1415 0.01 0.01 0.01
0.81945 6.9536 3.1564 0.01 0.01 0.01
0.86209 6.9759 3.1749 0.01 0.01 0.01
0.90415 6.9957 3.1971 0.01 0.01 0.01
0.94555 7.0132 3.2227 0.01 0.01 0.01
0.98632 7.0286 3.2513 0.01 0.01 0.01
1.0266 7.0421 3.2824 0.01 0.01 0.01
1.0666 7.054 3.3153 0.01 0.01 0.01
1.1064 7.0647 3.3497 0.01 0.01 0.01
1.1462 7.0744 3.3849 0.01 0.01 0.01
1.1862 7.0833 3.4204 0.01 0.01 0.01
1.2265 7.0918 3.4556 0.01 0.01 0.01
1.2673 7.1001 3.4901 0.01 0.01 0.01
1.3087 7.1086 3.5232 0.01 0.01 0.01
1.3508 7.1174 3.5544 0.01 0.01 0.01
1.394 7.127 3.5833 0.01 0.01 0.01
1.4382 7.1375 3.6091 0.01 0.01 0.01
1.4837 7.1492 3.6315 0.01 0.01 0.01
1.5307 7.1625 3.6498 0.01 0.01 0.01
1.5792 7.1776 3.6635 0.01 0.01 0.01
1.6294 7.1948 3.6722 0.01 0.01 0.01
1.6816 7.2143 3.6751 0.01 0.01 0.01
1.7356 7.2364 3.6721 0.01 0.01 0.01
1.7915 7.2611 3.6631 0.01 0.01 0.01
1.8491 7.2885 3.6481 0.01 0.01 0.01
1.9079 7.3185 3.6276 0.01 0.01 0.01
1.9677 7.3509 3.602 0.01 0.01 0.01
2.028 7.3856 3.572 0.01 0.01 0.01
2.0884 7.4223 3.538 0.01 0.01 0.01
2.1484 7.461 3.5007 0.01 0.01 0.01
2.2076 7.5014 3.4607 0.01 0.01 0.01
2.2655 7.5433 3.4186 0.01 0.01 0.01
2.3218 7.5867 3.3748 0.01 0.01 0.01
2.376 7.6312 3.33 0.01 0.01 0.01
2.4277 7.6769 3.2847 0.01 0.01 0.01
2.4764 7.7234 3.2395 0.01 0.01 0.01
2.5217 7.7706 3.1951 0.01 0.01 0.01
2.5632 7.8183 3.1519 0.01 0.01 0.01
2.6005 7.8665 3.1105 0.01 0.01 0.01
2.6331 7.9148 3.0716 0.01 0.01 0.01
2.6606 7.9631 3.0356 0.01 0.01 0.01
2.6825 8.0113 3.0032 0.01 0.01 0.01
2.6987 8.0592 2.9747 0.01 0.01 0.01
2.709 8.1068 2.9503 0.01 0.01 0.01
2.7135 8.1539 2.9301 0.01 0.01 0.01
2.7125 8.2006 2.9139 0.01 0.01 0.01
2.7063 8.2467 2.9013 0.01 0.01 0.01
2.6954 8.2925 2.8922 0.01 0.01 0.01
2.6801 8.3378 2.8862 0.01 0.01 0.01
2.6609 8.3826 2.8828 0.01 0.01 0.01
2.6383 8.4271 2.8818 0.01 0.01 0.01
2.6125 8.4711 2.8829 0.01 0.01 0.01
2.5841 8.5148 2.8857 0.01 0.01 0.01
2.5534 8.558 2.89 0.01 0.01 0.01
2.5209 8.6009 2.8952 0.01 0.01 0.01
2.487 8.6434 2.9013 0.01 0.01 0.01
2.452 8.6856 2.9077 0.01 0.01 0.01
2.4165 8.7274 2.9142 0.01 0.01 0.01
2.3808 8.7689 2.9204 0.01 0.01 0.01
2.3454 8.81 2.9261 0.01 0.01 0.01
2.3106 8.8508 2.9308 0.01 0.01 0.01
2.2768 8.8913 2.9343 0.01 0.01 0.01
2.2444 8.9316 2.9363 0.01 0.01 0.01
2.2134 8.9715 2.9366 0.01 0.01 0.01
2.184 9.0111 2.9351 0.01 0.01 0.01
2.1559 9.0504 2.9316 0.01 0.01 0.01
2.129 9.0894 2.9263 0.01 0.01 0.01
2.1029 9.128 2.9189 0.01 0.01 0.01
2.0775 9.1663 2.9097 0.01 0.01 0.01
2.0525 9.2042 2.8985 0.01 0.01 0.01
2.0276 9.2418 2.8854 0.01 0.01 0.01
2.0026 9.2789 2.8703 0.01 0.01 0.01
1.9772 9.3157 2.8533 0.01 0.01 0.01
1.9512 9.352 2.8343 0.01 0.01 0.01
1.9243 9.388 2.8133 0.01 0.01 0.01
1.8963 9.4234 2.7903 0.01 0.01 0.01
1.8669 9.4585 2.7654 0.01 0.01 0.01
1.8358 9.493 2.7385 0.01 0.01 0.01
1.8029 9.5271 2.7096 0.01 0.01 0.01
1.7678 9.5607 2.6787 0.01 0.01 0.01
1.7303 9.5938 2.6458 0.01 0.01 0.01
1.6902 9.6263 2.6109 0.01 0.01 0.01
1.6474 9.6583 2.5741 0.01 0.01 0.01
1.6017 9.6896 2.5356 0.01 0.01 0.01
1.5533 9.72 2.4955 0.01 0.01 0.01
1.5023 9.7494 2.4544 0.01 0.01 0.01
1.4492 9.7774 2.4125 0.01 0.01 0.01
1.3941 9.8039 2.3704 0.01 0.01 0.01
1.3374 9.8286 2.3285 0.01 0.01 0.01
1.2793 9.8513 2.2872 0.01 0.01 0.01
1.2203 9.8715 2.2469 0.01 0.01 0.01
1.1605 9.8893 2.2081 0.01 0.01 0.01
1.1003 9.9042 2.1712 0.01 0.01 0.01
1.04 9.916 2.1367 0.01 0.01 0.01
0.97999 9.9244 2.1051 0.01 0.01 0.01
0.92044 9.9293 2.0766 0.01 0.01 0.01
0.86171 9.9303 2.0518 0.01 0.01 0.01
0.8041 9.9272 2.0312 0.01 0.01 0.01
0.74793 9.9198 2.0151 0.01 0.01 0.01
0.69349 9.9078 2.004 0.01 0.01 0.01
0.6411 9.8908 1.9983 0.01 0.01 0.01
0.59103 9.8688 1.9985 0.01 0.01 0.01
0.54353 9.8417 2.0048 0.01 0.01 0.01
0.49873 9.8094 2.0172 0.01 0.01 0.01
0.45669 9.7723 2.0356 0.01 0.01 0.01
0.41738 9.7307 2.0597 0.01 0.01 0.01
0.38073 9.6854 2.0891 0.01 0.01 0.01
0.34663 9.6367 2.1231 0.01 0.01 0.01
0.31498 9.5855 2.1613 0.01 0.01 0.01
0.28567 9.5321 2.2033 0.01 0.01 0.01
0.2586 9.4773 2.2484 0.01 0.01 0.01
0.23367 9.4215 2.2961 0.01 0.01 0.01
0.21077 9.3655 2.346 0.01 0.01 0.01
0.18981 9.3098 2.3976 0.01 0.01 0.01
0.17068 9.255 2.4503 0.01 0.01 0.01
0.15328 9.2017 2.5036 0.01 0.01 0.01
0.1375 9.1504 2.557 0.01 0.01 0.01
0.12325 9.1019 2.61 0.01 0.01 0.01
0.11042 9.0566 2.6621 0.01 0.01 0.01
0.098905 9.0151 2.7128 0.01 0.01 0.01
0.088607 8.9781 2.7615 0.01 0.01 0.01
0.079425 8.9462 2.8078 0.01 0.01 0.01
0.071268 8.9196 2.8513 0.01 0.01 0.01
0.064061 8.8987 2.8918 0.01 0.01 0.01
0.057739 8.8834 2.9292 0.01 0.01 0.01
0.052253 8.8735 2.9635 0.01 0.01 0.01
0.047561 8.8689 2.9948 0.01 0.01 0.01
0.043628 8.8689 3.0235 0.01 0.01 0.01
0.040415 8.8734 3.0495 0.01 0.01 0.01
0.037884 8.8819 3.0732 0.01 0.01 0.01
0.035999 8.8941 3.0947 0.01 0.01 0.01
0.034721 8.9095 3.1142 0.01 0.01 0.01
0.034013 8.9279 3.1319 0.01 0.01 0.01
0.033837 8.9489 3.1479 0.01 0.01 0.01
0.034156 8.9721 3.1624 0.01 0.01 0.01
0.034932 8.997 3.1757 0.01 0.01 0.01
0.036128 9.0235 3.1878 0.01 0.01 0.01
0.037706 9.0511 3.199 0.01 0.01 0.01
0.039628 9.0793 3.2095 0.01 0.01 0.01
0.041857 9.108 3.2194 0.01 0.01 0.01
0.044356 9.1366 3.229 0.01 0.01 0.01
0.047088 9.1649 3.2383 0.01 0.01 0.01
0.050032 9.1926 3.2476 0.01 0.01 0.01
0.05318 9.2193 3.257 0.01 0.01 0.01
0.056536 9.2451 3.2665 0.01 0.01 0.01
0.060124 9.2698 3.2764 0.01 0.01 0.01
0.063976 9.2933 3.2865 0.01 0.01 0.01
0.068128 9.3158 3.297 0.01 0.01 0.01
0.072616 9.3371 3.3078 0.01 0.01 0.01
0.077476 9.3574 3.3192 0.01 0.01 0.01
0.082744 9.3765 3.331 0.01 0.01 0.01
0.088456 9.3946 3.3433 0.01 0.01 0.01
0.094647 9.4115 3.3563 0.01 0.01 0.01
0.10135 9.4274 3.3698 0.01 0.01 0.01
0.10861 9.4421 3.3841 0.01 0.01 0.01
0.11646 9.4557 3.399 0.01 0.01 0.01
0.12493 9.4682 3.4148 0.01 0.01 0.01
0.13405 9.4797 3.4313 0.01 0.01 0.01
0.14388 9.49 3.4487 0.01 0.01 0.01
0.15443 9.4992 3.4671 0.01 0.01 0.01
0.16575 9.5073 3.4863 0.01 0.01 0.01
0.17787 9.5143 3.5066 0.01 0.01 0.01
0.19079 9.5202 3.5279 0.01 0.01 0.01
0.20451 9.5251 3.5502 0.01 0.01 0.01
0.21897 9.5289 3.5733 0.01 0.01 0.01
0.2341 9.5318 3.5973 0.01 0.01 0.01
0.2498 9.5338 3.622 0.01 0.01 0.01
0.26599 9.5349 3.6472 0.01 0.01 0.01
0.28256 9.5353 3.6728 0.01 0.01 0.01
0.2994 9.535 3.6988 0.01 0.01 0.01
0.31643 9.5341 3.7248 0.01 0.01 0.01
0.33354 9.5327 3.7508 0.01 0.01 0.01
0.35063 9.5307 3.7768 0.01 0.01 0.01
0.36761 9.5284 3.8024 0.01 0.01 0.01
0.38438 9.5257 3.8276 0.01 0.01 0.01
0.40083 9.5227 3.8523 0.01 0.01 0.01
0.41687 9.5196 3.8763 0.01 0.01 0.01
0.43239 9.5163 3.8995 0.01 0.01 0.01
0.44731 9.5129 3.9217 0.01 0.01 0.01
0.46152 9.5096 3.9429 0.01 0.01 0.01
0.47492 9.5063 3.9628 0.01 0.01 0.01
0.48741 9.5032 3.9813 0.01 0.01 0.01
0.49892 9.5003 3.9984 0.01 0.01 0.01
0.50939 9.4976 4.0139 0.01 0.01 0.01
0.51878 9.4952 4.0278 0.01 0.01 0.01
0.52707 9.493 4.0401 0.01 0.01 0.01
0.53425 9.4912 4.0508 0.01 0.01 0.01
0.54033 9.4896 4.0598 0.01 0.01 0.01
0.5453 9.4883 4.0672 0.01 0.01 0.01
0.54916 9.4873 4.0729 0.01 0.01 0.01
0.55192 9.4866 4.077 0.01 0.01 0.01
0.55358 9.4862 4.0794 0.01 0.01 0.01
0.55413 9.486 4.0802 0.01 0.01 0.01
0.55358 9.4862 4.0794 0.01 0.01 0.01
0.55192 9.4866 4.077 0.01 0.01 0.01
0.54916 9.4873 4.0729 0.01 0.01 0.01
0.54529 9.4883 4.0671 0.01 0.01 0.01
0.54032 9.4896 4.0598 0.01 0.01 0.01
0.53425 9.4912 4.0508 0.01 0.01 0.01
0.52706 9.493 4.0401 0.01 0.01 0.01
0.51878 9.4952 4.0278 0.01 0.01 0.01
0.50939 9.4976 4.0139 0.01 0.01 0.01
0.49893 9.5003 3.9984 0.01 0.01 0.01
0.48742 9.5032 3.9813 0.01 0.01 0.01
0.47492 9.5063 3.9628 0.01 0.01 0.01
0.46153 9.5096 3.9429 0.01 0.01 0.01
0.44733 9.5129 3.9218 0.01 0.01 0.01
0.43241 9.5163 3.8996 0.01 0.01 0.01
0.41689 9.5196 3.8764 0.01 0.01 0.01
0.40086 9.5228 3.8524 0.01 0.01 0.01
0.38441 9.5257 3.8277 0.01 0.01 0.01
0.36765 9.5284 3.8025 0.01 0.01 0.01
0.35067 9.5308 3.7769 0.01 0.01 0.01
0.33358 9.5327 3.751 0.01 0.01 0.01
0.31647 9.5342 3.7249 0.01 0.01 0.01
0.29944 9.5351 3.6989 0.01 0.01 0.01
0.2826 9.5354 3.673 0.01 0.01 0.01
0.26603 9.535 3.6473 0.01 0.01 0.01
0.24984 9.5338 3.6221 0.01 0.01 0.01
0.23412 9.5318 3.5974 0.01 0.01 0.01
0.21899 9.5289 3.5734 0.01 0.01 0.01
0.20452 9.5251 3.5502 0.01 0.01 0.01
0.19079 9.5202 3.5279 0.01 0.01 0.01
0.17785 9.5143 3.5066 0.01 0.01 0.01
0.16572 9.5073 3.4863 0.01 0.01 0.01
0.15438 9.4992 3.4669 0.01 0.01 0.01
0.14381 9.49 3.4486 0.01 0.01 0.01
0.13397 9.4796 3.4311 0.01 0.01 0.01
0.12482 9.4682 3.4145 0.01 0.01 0.01
0.11634 9.4557 3.3987 0.01 0.01 0.01
0.10848 9.442 3.3837 0.01 0.01 0.01
0.10121 9.4273 3.3694 0.01 0.01 0.01
0.094489 9.4115 3.3558 0.01 0.01 0.01
0.088291 9.3945 3.3429 0.01 0.01 0.01
0.082576 9.3765 3.3305 0.01 0.01 0.01
0.077309 9.3573 3.3187 0.01 0.01 0.01
0.072455 9.3371 3.3074 0.01 0.01 0.01
0.067978 9.3157 3.2966 0.01 0.01 0.01
0.063844 9.2933 3.2861 0.01 0.01 0.01
0.060016 9.2697 3.2761 0.01 0.01 0.01
0.056459 9.2451 3.2663 0.01 0.01 0.01
0.053141 9.2193 3.2569 0.01 0.01 0.01
0.05004 9.1926 3.2476 0.01 0.01 0.01
0.04715 9.165 3.2385 0.01 0.01 0.01
0.044477 9.1367 3.2293 0.01 0.01 0.01
0.042043 9.1081 3.2199 0.01 0.01 0.01
0.039881 9.0794 3.2102 0.01 0.01 0.01
0.038026 9.0512 3.1998 0.01 0.01 0.01
0.036514 9.0237 3.1888 0.01 0.01 0.01
0.03538 8.9972 3.1768 0.01 0.01 0.01
0.03466 8.9722 3.1637 0.01 0.01 0.01
0.034389 8.9491 3.1493 0.01 0.01 0.01
0.034604 8.9282 3.1334 0.01 0.01 0.01
0.035338 8.9098 3.1158 0.01 0.01 0.01
0.036628 8.8943 3.0963 0.01 0.01 0.01
0.03851 8.8821 3.0748 0.01 0.01 0.01
0.041018 8.8736 3.0511 0.01 0.01 0.01
0.044188 8.8691 3.0249 0.01 0.01 0.01
0.048057 8.869 2.9961 0.01 0.01 0.01
0.052658 8.8737 2.9645 0.01 0.01 0.01
0.058028 8.8835 2.9299 0.01 0.01 0.01
0.064204 8.8987 2.8922 0.01 0.01 0.01
0.071238 8.9196 2.8512 0.01 0.01 0.01
0.079194 8.9461 2.8072 0.01 0.01 0.01
0.088154 8.978 2.7603 0.01 0.01 0.01
0.098211 9.0149 2.711 0.01 0.01 0.01
0.10947 9.0562 2.6596 0.01 0.01 0.01
0.12205 9.1014 2.6069 0.01 0.01 0.01
0.13606 9.1499 2.5533 0.01 0.01 0.01
0.15161 9.201 2.4993 0.01 0.01 0.01
0.1688 9.2543 2.4454 0.01 0.01 0.01
0.18775 9.309 2.3923 0.01 0.01 0.01
0.20857 9.3647 2.3403 0.01 0.01 0.01
0.23136 9.4207 2.2902 0.01 0.01 0.01
0.25625 9.4764 2.2423 0.01 0.01 0.01
0.28333 9.5312 2.1972 0.01 0.01 0.01
0.31273 9.5846 2.1555 0.01 0.01 0.01
0.34454 9.636 2.1177 0.01 0.01 0.01
0.37889 9.6847 2.0843 0.01 0.01 0.01
0.41587 9.7302 2.0558 0.01 0.01 0.01
0.45561 9.7719 2.0328 0.01 0.01 0.01
0.49819 9.8092 2.0158 0.01 0.01 0.01
0.54364 9.8417 2.0051 0.01 0.01 0.01
0.59189 9.8692 2.0007 0.01 0.01 0.01
0.64279 9.8915 2.0027 0.01 0.01 0.01
0.69608 9.9087 2.0107 0.01 0.01 0.01
0.75145 9.9211 2.0242 0.01 0.01 0.01
0.80856 9.9289 2.0427 0.01 0.01 0.01
0.86708 9.9324 2.0657 0.01 0.01 0.01
0.92668 9.9317 2.0927 0.01 0.01 0.01
0.98701 9.9271 2.1232 0.01 0.01 0.01
1.0477 9.9189 2.1566 0.01 0.01 0.01
1.1086 9.9073 2.1925 0.01 0.01 0.01
1.1691 9.8925 2.2303 0.01 0.01 0.01
1.229 9.8749 2.2695 0.01 0.01 0.01
1.288 9.8546 2.3096 0.01 0.01 0.01
1.3458 9.8318 2.3502 0.01 0.01 0.01
1.4019 9.8069 2.3906 0.01 0.01 0.01
1.4561 9.7801 2.4303 0.01 0.01 0.01
1.508 9.7515 2.4689 0.01 0.01 0.01
1.5573 9.7215 2.5059 0.01 0.01 0.01
1.6037 9.6903 2.5407 0.01 0.01 0.01
1.6469 9.6582 2.573 0.01 0.01 0.01
1.687 9.6251 2.6026 0.01 0.01 0.01
1.724 9.5914 2.6295 0.01 0.01 0.01
1.7582 9.557 2.6538 0.01 0.01 0.01
1.7898 9.5221 2.6757 0.01 0.01 0.01
1.8192 9.4867 2.6956 0.01 0.01 0.01
1.8468 9.4509 2.7137 0.01 0.01 0.01
1.873 9.4146 2.7303 0.01 0.01 0.01
1.8981 9.378 2.7457 0.01 0.01 0.01
1.9225 9.3412 2.7602 0.01 0.01 0.01
1.9465 9.3041 2.774 0.01 0.01 0.01
1.9705 9.2668 2.7875 0.01 0.01 0.01
1.9949 9.2294 2.801 0.01 0.01 0.01
2.02 9.1919 2.8147 0.01 0.01 0.01
2.0462 9.1544 2.8288 0.01 0.01 0.01
2.0738 9.117 2.8438 0.01 0.01 0.01
2.1032 9.0796 2.8599 0.01 0.01 0.01
2.1348 9.0424 2.8773 0.01 0.01 0.01
2.169 9.0054 2.8964 0.01 0.01 0.01
2.206 8.9687 2.9174 0.01 0.01 0.01
2.2461 8.9322 2.9405 0.01 0.01 0.01
2.2894 8.8962 2.9657 0.01 0.01 0.01
2.3359 8.8605 2.993 0.01 0.01 0.01
2.3853 8.8253 3.0222 0.01 0.01 0.01
2.4374 8.7907 3.0531 0.01 0.01 0.01
2.492 8.7567 3.0853 0.01 0.01 0.01
2.5486 8.7233 3.1185 0.01 0.01 0.01
2.607 8.6907 3.1525 0.01 0.01 0.01
2.6668 8.6588 3.1869 0.01 0.01 0.01
2.7279 8.6278 3.2215 0.01 0.01 0.01
2.7898 8.5977 3.256 0.01 0.01 0.01
2.8523 8.5685 3.29 0.01 0.01 0.01
2.915 8.5404 3.3233 0.01 0.01 0.01
2.9777 8.5133 3.3557 0.01 0.01 0.01
3.04 8.4874 3.3867 0.01 0.01 0.01
3.1016 8.4626 3.4161 0.01 0.01 0.01
3.1623 8.4392 3.4436 0.01 0.01 0.01
3.2217 8.417 3.469 0.01 0.01 0.01
3.2795 8.3962 3.4918 0.01 0.01 0.01
3.3355 8.3768 3.512 0.01 0.01 0.01
3.3894 8.3589 3.5292 0.01 0.01 0.01
3.4411 8.3424 3.5434 0.01 0.01 0.01
3.4906 8.3271 3.5548 0.01 0.01 0.01
3.538 8.3128 3.5635 0.01 0.01 0.01
3.5835 8.2995 3.5699 0.01 0.01 0.01
3.6273 8.2868 3.5743 0.01 0.01 0.01
3.6695 8.2745 3.5769 0.01 0.01 0.01
3.7104 8.2624 3.5783 0.01 0.01 0.01
3.7501 8.2503 3.5786 0.01 0.01 0.01
3.7888 8.2378 3.5782 0.01 0.01 0.01
3.8268 8.2249 3.5776 0.01 0.01 0.01
3.8642 8.2113 3.5769 0.01 0.01 0.01
3.9012 8.1967 3.5765 0.01 0.01 0.01
3.938 8.1809 3.5768 0.01 0.01 0.01
3.9748 8.1637 3.5781 0.01 0.01 0.01
4.0118 8.1448 3.5808 0.01 0.01 0.01
4.0491 8.1241 3.5851 0.01 0.01 0.01
4.0871 8.1013 3.5914 0.01 0.01 0.01
4.1257 8.0761 3.6001 0.01 0.01 0.01
4.1654 8.0484 3.6114 0.01 0.01 0.01
4.206 8.0181 3.6256 0.01 0.01 0.01
4.2479 7.985 3.6427 0.01 0.01 0.01
4.291 7.9494 3.6625 0.01 0.01 0.01
4.3352 7.9114 3.685 0.01 0.01 0.01
4.3806 7.8712 3.7095 0.01 0.01 0.01
4.4271 7.8292 3.7359 0.01 0.01 0.01
4.4745 7.7857 3.7637 0.01 0.01 0.01
4.5229 7.741 3.7925 0.01 0.01 0.01
4.5722 7.6953 3.8219 0.01 0.01 0.01
4.6222 7.649 3.8515 0.01 0.01 0.01
4.673 7.6023 3.881 0.01 0.01 0.01
4.7245 7.5556 3.91 0.01 0.01 0.01
4.7766 7.5092 3.938 0.01 0.01 0.01
4.8292 7.4633 3.9647 0.01 0.01 0.01
4.8822 7.4182 3.9896 0.01 0.01 0.01
4.9357 7.3743 4.0125 0.01 0.01 0.01
4.9895 7.3318 4.0329 0.01 0.01 0.01
5.0436 7.2911 4.0504 0.01 0.01 0.01
5.0979 7.2523 4.0646 0.01 0.01 0.01
5.1523 7.2159 4.0752 0.01 0.01 0.01
5.2069 7.182 4.0819 0.01 0.01 0.01
5.2615 7.1507 4.0845 0.01 0.01 0.01
5.3161 7.122 4.0832 0.01 0.01 0.01
5.3709 7.0956 4.078 0.01 0.01 0.01
5.4257 7.0715 4.0693 0.01 0.01 0.01
5.4807 7.0494 4.0572 0.01 0.01 0.01
5.5358 7.0291 4.0421 0.01 0.01 0.01
5.5911 7.0102 4.0243 0.01 0.01 0.01
5.6466 6.9926 4.0041 0.01 0.01 0.01
5.7024 6.9761 3.9817 0.01 0.01 0.01
5.7585 6.9604 3.9574 0.01 0.01 0.01
5.8149 6.9452 3.9316 0.01 0.01 0.01
5.8717 6.9304 3.9045 0.01 0.01 0.01
5.9288 6.9157 3.8763 0.01 0.01 0.01
5.9863 6.9008 3.8474 0.01 0.01 0.01
6.0443 6.8856 3.8181 0.01 0.01 0.01
6.1028 6.8698 3.7886 0.01 0.01 0.01
6.1617 6.8532 3.7593 0.01 0.01 0.01
6.2212 6.8355 3.7303 0.01 0.01 0.01
6.2813 6.8165 3.7021 0.01 0.01 0.01
6.3418 6.796 3.6748 0.01 0.01 0.01
6.4029 6.774 3.6486 0.01 0.01 0.01
6.4642 6.7503 3.6238 0.01 0.01 0.01
6.5256 6.7251 3.6003 0.01 0.01 0.01
6.5869 6.6984 3.5784 0.01 0.01 0.01
6.6479 6.6703 3.5581 0.01 0.01 0.01
6.7082 6.6409 3.5394 0.01 0.01 0.01
6.7676 6.6103 3.5225 0.01 0.01 0.01
6.8258 6.5786 3.5074 0.01 0.01 0.01
6.8827 6.5458 3.4942 0.01 0.01 0.01
6.9379 6.5121 3.483 0.01 0.01 0.01
6.9912 6.4775 3.4739 0.01 0.01 0.01
7.0424 6.4423 3.4669 0.01 0.01 0.01
7.0912 6.4063 3.4621 0.01 0.01 0.01
7.1373 6.3698 3.4596 0.01 0.01 0.01
7.1804 6.3329 3.4595 0.01 0.01 0.01
7.2205 6.2955 3.4619 0.01 0.01 0.01
7.2571 6.2579 3.4668 0.01 0.01 0.01
7.29 6.2201 3.4743 0.01 0.01 0.01
7.319 6.1822 3.4845 0.01 0.01 0.01
7.344 6.1443 3.4974 0.01 0.01 0.01
7.3649 6.1065 3.513 0.01 0.01 0.01
7.3818 6.0687 3.5312 0.01 0.01 0.01
7.3949 6.031 3.5519 0.01 0.01 0.01
7.4044 5.9934 3.5749 0.01 0.01 0.01
7.4107 5.9559 3.6 0.01 0.01 0.01
7.4141 5.9185 3.6271 0.01 0.01 0.01
7.4148 5.8813 3.6559 0.01 0.01 0.01
7.4132 5.8442 3.6863 0.01 0.01 0.01
7.4095 5.8071 3.7181 0.01 0.01 0.01
7.4041 5.7702 3.7511 0.01 0.01 0.01
7.3973 5.7335 3.7851 0.01 0.01 0.01
7.3893 5.6968 3.82 0.01 0.01 0.01
7.3804 5.6603 3.8556 0.01 0.01 0.01
7.371 5.624 3.8916 0.01 0.01 0.01
7.3613 5.5878 3.9279 0.01 0.01 0.01
7.3517 5.5517 3.9644 0.01 0.01 0.01
7.3424 5.5157 4.0007 0.01 0.01 0.01
7.3337 5.4799 4.0369 0.01 0.01 0.01
7.326 5.4443 4.0726 0.01 0.01 0.01
7.3194 5.4088 4.1077 0.01 0.01 0.01
7.3142 5.3735 4.142 0.01 0.01 0.01
7.3104 5.3382 4.1754 0.01 0.01 0.01
7.3081 5.3031 4.2076 0.01 0.01 0.01
7.3072 5.2681 4.2385 0.01 0.01 0.01
7.3078 5.2332 4.268 0.01 0.01 0.01
7.3098 5.1984 4.2959 0.01 0.01 0.01
7.3132 5.1636 4.322 0.01 0.01 0.01
7.318 5.1288 4.3461 0.01 0.01 0.01
7.3242 5.094 4.3681 0.01 0.01 0.01
7.3317 5.0592 4.3878 0.01 0.01 0.01
7.3405 5.0244 4.4051 0.01 0.01 0.01
7.3506 4.9895 4.4197 0.01 0.01 0.01
7.362 4.9546 4.4316 0.01 0.01 0.01
7.3746 4.9195 4.4405 0.01 0.01 0.01
7.3885 4.8844 4.4463 0.01 0.01 0.01
7.4036 4.8491 4.4488 0.01 0.01 0.01
7.4198 4.8137 4.4479 0.01 0.01 0.01
7.4373 4.7781 4.4434 0.01 0.01 0.01
7.4559 4.7423 4.4351 0.01 0.01 0.01
7.4756 4.7063 4.4229 0.01 0.01 0.01
7.4963 4.6701 4.4069 0.01 0.01 0.01
7.5181 4.6337 4.3872 0.01 0.01 0.01
7.5408 4.5969 4.364 0.01 0.01 0.01
7.5644 4.5598 4.3374 0.01 0.01 0.01
7.5887 4.5223 4.3078 0.01 0.01 0.01
7.6138 4.4844 4.2755 0.01 0.01 0.01
7.6395 4.4461 4.2407 0.01 0.01 0.01
7.6657 4.4073 4.2036 0.01 0.01 0.01
7.6924 4.3679 4.1647 0.01 0.01 0.01
7.7195 4.328 4.1241 0.01 0.01 0.01
7.7468 4.2876 4.0821 0.01 0.01 0.01
7.7744 4.2465 4.0389 0.01 0.01 0.01
7.8021 4.2047 3.995 0.01 0.01 0.01
7.8299 4.1622 3.9504 0.01 0.01 0.01
7.8577 4.119 3.9056 0.01 0.01 0.01
7.8853 4.075 3.8607 0.01 0.01 0.01
7.9128 4.0302 3.8161 0.01 0.01 0.01
7.94 3.9845 3.7719 0.01 0.01 0.01
7.9669 3.938 3.7286 0.01 0.01 0.01
7.9934 3.8905 3.6862 0.01 0.01 0.01
8.0193 3.8422 3.645 0.01 0.01 0.01
8.0448 3.793 3.6049 0.01 0.01 0.01
8.0697 3.7431 3.566 0.01 0.01 0.01
8.094 3.6925 3.5283 0.01 0.01 0.01
8.1176 3.6413 3.4916 0.01 0.01 0.01
8.1406 3.5896 3.4559 0.01 0.01 0.01
8.1629 3.5375 3.4212 0.01 0.01 0.01
8.1845 3.4852 3.3873 0.01 0.01 0.01
8.2053 3.4326 3.3542 0.01 0.01 0.01
8.2253 3.3799 3.3219 0.01 0.01 0.01
8.2444 3.3272 3.2902 0.01 0.01 0.01
8.2628 3.2745 3.2591 0.01 0.01 0.01
8.2802 3.2221 3.2286 0.01 0.01 0.01
8.2967 3.1699 3.1986 0.01 0.01 0.01
8.3122 3.118 3.1689 0.01 0.01 0.01
8.3267 3.0666 3.1396 0.01 0.01 0.01
8.3403 3.0158 3.1105 0.01 0.01 0.01
8.3527 2.9656 3.0817 0.01 0.01 0.01
8.3641 2.9162 3.053 0.01 0.01 0.01
8.3743 2.8675 3.0244 0.01 0.01 0.01
8.3834 2.8196 2.996 0.01 0.01 0.01
8.3912 2.7726 2.9676 0.01 0.01 0.01
8.3977 2.7263 2.9395 0.01 0.01 0.01
8.4028 2.6807 2.9115 0.01 0.01 0.01
8.4064 2.6356 2.884 0.01 0.01 0.01
8.4084 2.5911 2.8568 0.01 0.01 0.01
8.4087 2.5469 2.8302 0.01 0.01 0.01
8.4073 2.5031 2.8042 0.01 0.01 0.01
8.4041 2.4596 2.7789 0.01 0.01 0.01
8.399 2.4162 2.7543 0.01 0.01 0.01
8.3918 2.3728 2.7305 0.01 0.01 0.01
8.3826 2.3295 2.7077 0.01 0.01 0.01
8.3712 2.286 2.6859 0.01 0.01 0.01
8.3576 2.2423 2.6652 0.01 0.01 0.01
8.3416 2.1984 2.6457 0.01 0.01 0.01
8.3232 2.1541 2.6275 0.01 0.01 0.01
8.3024 2.1094 2.6106 0.01 0.01 0.01
8.2789 2.0641 2.5951 0.01 0.01 0.01
8.2527 2.0182 2.5812 0.01 0.01 0.01
8.224 1.9717 2.5688 0.01 0.01 0.01
8.1929 1.9246 2.558 0.01 0.01 0.01
8.1597 1.8769 2.5487 0.01 0.01 0.01
8.1249 1.8288 2.5408 0.01 0.01 0.01
8.0892 1.7805 2.5343 0.01 0.01 0.01
8.0531 1.7322 2.5291 0.01 0.01 0.01
8.0172 1.6841 2.5249 0.01 0.01 0.01
7.9823 1.6363 2.5218 0.01 0.01 0.01
7.9488 1.589 2.5195 0.01 0.01 0.01
7.9175 1.5425 2.5181 0.01 0.01 0.01
7.889 1.4969 2.5173 0.01 0.01 0.01
7.8638 1.4524 2.5171 0.01 0.01 0.01
7.8425 1.4093 2.5174 0.01 0.01 0.01
7.8259 1.3676 2.5179 0.01 0.01 0.01
7.8146 1.3277 2.5187 0.01 0.01 0.01
7.8091 1.2896 2.5196 0.01 0.01 0.01
7.81 1.2536 2.5205 0.01 0.01 0.01
7.8181 1.2198 2.5213 0.01 0.01 0.01
7.8339 1.1886 2.5219 0.01 0.01 0.01
7.8579 1.1599 2.5221 0.01 0.01 0.01
7.8906 1.134 2.522 0.01 0.01 0.01
7.9319 1.111 2.5214 0.01 0.01 0.01
7.9816 1.0909 2.5203 0.01 0.01 0.01
8.0391 1.0737 2.5188 0.01 0.01 0.01
8.1035 1.0592 2.517 0.01 0.01 0.01
8.1741 1.0474 2.515 0.01 0.01 0.01
8.2498 1.0383 2.5127 0.01 0.01 0.01
8.33 1.0318 2.5104 0.01 0.01 0.01
8.4136 1.0277 2.508 0.01 0.01 0.01
8.4998 1.026 2.5056 0.01 0.01 0.01
8.5877 1.0267 2.5034 0.01 0.01 0.01
8.6766 1.0296 2.5013 0.01 0.01 0.01
8.7654 1.0346 2.4995 0.01 0.01 0.01
8.8533 1.0417 2.4981 0.01 0.01 0.01
8.9395 1.0509 2.4971 0.01 0.01 0.01
9.0231 1.062 2.4966 0.01 0.01 0.01
9.1032 1.0749 2.4966 0.01 0.01 0.01
9.179 1.0896 2.4973 0.01 0.01 0.01
9.2495 1.106 2.4987 0.01 0.01 0.01
9.314 1.124 2.501 0.01 0.01 0.01
9.3718 1.1435 2.5041 0.01 0.01 0.01
9.4226 1.1643 2.5081 0.01 0.01 0.01
9.4664 1.1865 2.5133 0.01 0.01 0.01
9.5033 1.2097 2.5196 0.01 0.01 0.01
9.5338 1.2338 2.5273 0.01 0.01 0.01
9.5585 1.2586 2.5364 0.01 0.01 0.01
9.5776 1.2839 2.547 0.01 0.01 0.01
9.5918 1.3095 2.5593 0.01 0.01 0.01
9.6015 1.3353 2.5734 0.01 0.01 0.01
9.6073 1.361 2.5894 0.01 0.01 0.01
9.6095 1.3865 2.6074 0.01 0.01 0.01
9.6086 1.4116 2.6276 0.01 0.01 0.01
9.6052 1.436 2.65 0.01 0.01 0.01
9.5997 1.4596 2.6749 0.01 0.01 0.01
9.5926 1.4823 2.7022 0.01 0.01 0.01
9.5844 1.5038 2.7322 0.01 0.01 0.01
9.5756 1.5239 2.7649 0.01 0.01 0.01
9.5666 1.5424 2.8005 0.01 0.01 0.01
9.5579 1.5592 2.8391 0.01 0.01 0.01
9.5499 1.5741 2.8808 0.01 0.01 0.01
9.5431 1.5869 2.9257 0.01 0.01 0.01
9.5377 1.5976 2.9736 0.01 0.01 0.01
9.5336 1.6061 3.0244 0.01 0.01 0.01
9.5309 1.6125 3.078 0.01 0.01 0.01
9.5294 1.617 3.1339 0.01 0.01 0.01
9.5289 1.6195 3.192 0.01 0.01 0.01
9.5293 1.6201 3.2518 0.01 0.01 0.01
9.5302 1.6191 3.3132 0.01 0.01 0.01
9.5316 1.6164 3.3756 0.01 0.01 0.01
9.5333 1.6123 3.439 0.01 0.01 0.01
9.535 1.6066 3.5028 0.01 0.01 0.01
9.5366 1.5997 3.5669 0.01 0.01 0.01
9.5378 1.5915 3.6308 0.01 0.01 0.01
9.5386 1.5822 3.6944 0.01 0.01 0.01
9.5387 1.5719 3.7573 0.01 0.01 0.01
9.5379 1.5606 3.8191 0.01 0.01 0.01
9.5361 1.5485 3.8795 0.01 0.01 0.01
9.533 1.5356 3.9383 0.01 0.01 0.01
9.5284 1.5221 3.9951 0.01 0.01 0.01
9.5223 1.5081 4.0496 0.01 0.01 0.01
9.5144 1.4936 4.1017 0.01 0.01 0.01
9.5048 1.4787 4.151 0.01 0.01 0.01
9.4935 1.4635 4.1975 0.01 0.01 0.01
9.4806 1.4479 4.2412 0.01 0.01 0.01
9.4663 1.4322 4.282 0.01 0.01 0.01
9.4509 1.4162 4.3201 0.01 0.01 0.01
9.4346 1.4 4.3555 0.01 0.01 0.01
9.4175 1.3837 4.3882 0.01 0.01 0.01
9.4 1.3672 4.4182 0.01 0.01 0.01
9.3821 1.3507 4.4456 0.01 0.01 0.01
9.3642 1.334 4.4704 0.01 0.01 0.01
9.3464 1.3174 4.4926 0.01 0.01 0.01
9.329 1.3007 4.5123 0.01 0.01 0.01
9.3121 1.2841 4.5296 0.01 0.01 0.01
9.296 1.2675 4.5444 0.01 0.01 0.01
9.2809 1.2511 4.5568 0.01 0.01 0.01
9.267 1.2347 4.5669 0.01 0.01 0.01
9.2546 1.2185 4.5746 0.01 0.01 0.01
9.2437 1.2025 4.58 0.01 0.01 0.01
9.2347 1.1868 4.5832 0.01 0.01 0.01
9.2277 1.1712 4.5841 0.01 0.01 0.01
9.2228 1.1559 4.583 0.01 0.01 0.01
9.2199 1.1409 4.5797 0.01 0.01 0.01
9.2191 1.126 4.5745 0.01 0.01 0.01
9.2202 1.1114 4.5675 0.01 0.01 0.01
9.223 1.097 4.5587 0.01 0.01 0.01
9.2275 1.0827 4.5482 0.01 0.01 0.01
9.2336 1.0685 4.5363 0.01 0.01 0.01
9.2411 1.0544 4.5229 0.01 0.01 0.01
9.2499 1.0404 4.5082 0.01 0.01 0.01
9.2598 1.0265 4.4923 0.01 0.01 0.01
9.2708 1.0125 4.4754 0.01 0.01 0.01
9.2828 0.99861 4.4574 0.01 0.01 0.01
9.2955 0.98463 4.4386 0.01 0.01 0.01
9.3089 0.9706 4.419 0.01 0.01 0.01
9.3229 0.95649 4.3988 0.01 0.01 0.01
9.3374 0.94226 4.378 0.01 0.01 0.01
9.3521 0.9279 4.3568 0.01 0.01 0.01
9.3671 0.91337 4.3353 0.01 0.01 0.01
9.3821 0.89865 4.3136 0.01 0.01 0.01
9.3971 0.88372 4.2917 0.01 0.01 0.01
9.4119 0.86854 4.2699 0.01 0.01 0.01
9.4264 0.8531 4.2482 0.01 0.01 0.01
9.4405 0.83736 4.2267 0.01 0.01 0.01
9.454 0.8213 4.2056 0.01 0.01 0.01
9.4669 0.80489 4.1849 0.01 0.01 0.01
9.479 0.78811 4.1647 0.01 0.01 0.01
9.4902 0.77092 4.1452 0.01 0.01 0.01
9.5004 0.75332 4.1265 0.01 0.01 0.01
9.5094 0.73525 4.1087 0.01 0.01 0.01
9.5171 0.71672 4.0918 0.01 0.01 0.01
9.5235 0.69767 4.0761 0.01 0.01 0.01
9.5283 0.6781 4.0616 0.01 0.01 0.01
9.5314 0.65797 4.0484 0.01 0.01 0.01
9.5329 0.63725 4.0366 0.01 0.01 0.01
9.5324 0.61592 4.0264 0.01 0.01 0.01
9.5299 0.59396 4.0178 0.01 0.01 0.01
9.5253 0.57134 4.011 0.01 0.01 0.01
9.5184 0.54803 4.006 0.01 0.01 0.01
9.5108 0.52449 4.0017 0.01 0.01 0.01
9.5 0.5 4 0.01 0.01 0.01
