0.5 0.5 1 0.01 0.01 0.01
0.51955 0.50072 1.0159 0.01 0.01 0.01
0.53807 0.50341 1.0298 0.01 0.01 0.01
0.55633 0.50654 1.0433 0.01 0.01 0.01
0.57383 0.51104 1.0554 0.01 0.01 0.01
0.59058 0.51685 1.0662 0.01 0.01 0.01
0.6066 0.52386 1.0757 0.01 0.01 0.01
0.62189 0.53201 1.084 0.01 0.01 0.01
0.63647 0.5412 1.091 0.01 0.01 0.01
0.65035 0.55137 1.0969 0.01 0.01 0.01
0.66355 0.56241 1.1016 0.01 0.01 0.01
0.67608 0.57426 1.1053 0.01 0.01 0.01
0.68795 0.58683 1.108 0.01 0.01 0.01
0.69917 0.60003 1.1096 0.01 0.01 0.01
0.70976 0.61379 1.1104 0.01 0.01 0.01
0.71973 0.62802 1.1102 0.01 0.01 0.01
0.72909 0.64263 1.1092 0.01 0.01 0.01
0.73786 0.65756 1.1073 0.01 0.01 0.01
0.74605 0.6727 1.1047 0.01 0.01 0.01
0.75367 0.68799 1.1014 0.01 0.01 0.01
0.76074 0.70334 1.0974 0.01 0.01 0.01
0.76726 0.71867 1.0927 0.01 0.01 0.01
0.77326 0.73389 1.0875 0.01 0.01 0.01
0.77874 0.74892 1.0817 0.01 0.01 0.01
0.78372 0.76368 1.0754 0.01 0.01 0.01
0.7882 0.77809 1.0687 0.01 0.01 0.01
0.79221 0.79206 1.0615 0.01 0.01 0.01
0.79576 0.80551 1.054 0.01 0.01 0.01
0.79886 0.81836 1.0461 0.01 0.01 0.01
0.80151 0.83053 1.038 0.01 0.01 0.01
0.80374 0.84193 1.0296 0.01 0.01 0.01
0.80557 0.85249 1.021 0.01 0.01 0.01
0.80699 0.86211 1.0123 0.01 0.01 0.01
0.80802 0.87072 1.0035 0.01 0.01 0.01
0.80868 0.87824 0.99455 0.01 0.01 0.01
0.80899 0.88458 0.98562 0.01 0.01 0.01
0.80894 0.88965 0.97671 0.01 0.01 0.01
0.80856 0.89339 0.96788 0.01 0.01 0.01
0.80786 0.89569 0.95915 0.01 0.01 0.01
0.80685 0.8965 0.95058 0.01 0.01 0.01
0.80553 0.89578 0.94219 0.01 0.01 0.01
0.80389 0.89355 0.93402 0.01 0.01 0.01
0.80191 0.88989 0.92605 0.01 0.01 0.01
0.79955 0.88492 0.91831 0.01 0.01 0.01
0.79677 0.87881 0.91077 0.01 0.01 0.01
0.79352 0.87174 0.90343 0.01 0.01 0.01
0.78975 0.86389 0.89627 0.01 0.01 0.01
0.78543 0.85543 0.88928 0.01 0.01 0.01
0.7805 0.84655 0.88245 0.01 0.01 0.01
0.77491 0.83742 0.87577 0.01 0.01 0.01
0.76862 0.82822 0.86923 0.01 0.01 0.01
0.76159 0.81913 0.8628 0.01 0.01 0.01
0.75376 0.81033 0.85649 0.01 0.01 0.01
0.7451 0.80199 0.85028 0.01 0.01 0.01
0.73554 0.7943 0.84416 0.01 0.01 0.01
0.72506 0.78743 0.83811 0.01 0.01 0.01
0.71359 0.78156 0.83212 0.01 0.01 0.01
0.7011 0.77686 0.82619 0.01 0.01 0.01
0.68753 0.77352 0.8203 0.01 0.01 0.01
0.67286 0.77171 0.81443 0.01 0.01 0.01
0.6571 0.77151 0.80858 0.01 0.01 0.01
0.64032 0.77296 0.80272 0.01 0.01 0.01
0.62268 0.77601 0.79682 0.01 0.01 0.01
0.60437 0.78051 0.79087 0.01 0.01 0.01
0.58566 0.78629 0.78482 0.01 0.01 0.01
0.56682 0.79312 0.77864 0.01 0.01 0.01
0.54811 0.8008 0.77231 0.01 0.01 0.01
0.5298 0.80912 0.76578 0.01 0.01 0.01
0.51217 0.81788 0.75904 0.01 0.01 0.01
0.49548 0.82686 0.75204 0.01 0.01 0.01
0.48001 0.83586 0.74475 0.01 0.01 0.01
0.46601 0.84467 0.73714 0.01 0.01 0.01
0.45377 0.85309 0.72918 0.01 0.01 0.01
0.44355 0.86089 0.72084 0.01 0.01 0.01
0.43562 0.86789 0.71208 0.01 0.01 0.01
0.43025 0.87386 0.70287 0.01 0.01 0.01
0.42771 0.8786 0.69317 0.01 0.01 0.01
0.42827 0.8819 0.68297 0.01 0.01 0.01
0.4322 0.88355 0.67222 0.01 0.01 0.01
0.43974 0.88337 0.66089 0.01 0.01 0.01
0.45104 0.88124 0.64903 0.01 0.01 0.01
0.46612 0.87715 0.6367 0.01 0.01 0.01
0.48486 0.87118 0.62404 0.01 0.01 0.01
0.50704 0.86353 0.61126 0.01 0.01 0.01
0.53231 0.85446 0.59858 0.01 0.01 0.01
0.56032 0.84425 0.58627 0.01 0.01 0.01
0.59069 0.83319 0.57458 0.01 0.01 0.01
0.62307 0.82156 0.56376 0.01 0.01 0.01
0.6571 0.80965 0.55405 0.01 0.01 0.01
0.69241 0.79773 0.54572 0.01 0.01 0.01
0.72865 0.7861 0.53901 0.01 0.01 0.01
0.76546 0.77503 0.53418 0.01 0.01 0.01
0.80246 0.76481 0.53147 0.01 0.01 0.01
0.83931 0.75572 0.53115 0.01 0.01 0.01
0.87564 0.74805 0.53346 0.01 0.01 0.01
0.91109 0.74208 0.53865 0.01 0.01 0.01
0.94529 0.73809 0.54698 0.01 0.01 0.01
0.97789 0.73637 0.55869 0.01 0.01 0.01
1.0085 0.7372 0.57405 0.01 0.01 0.01
1.0369 0.74085 0.59327 0.01 0.01 0.01
1.0626 0.74751 0.61645 0.01 0.01 0.01
1.0857 0.75729 0.64354 0.01 0.01 0.01
1.1061 0.7702 0.6743 0.01 0.01 0.01
1.1239 0.78617 0.70838 0.01 0.01 0.01
1.1393 0.80503 0.74525 0.01 0.01 0.01
1.1525 0.82664 0.7844 0.01 0.01 0.01
1.1636 0.85081 0.8253 0.01 0.01 0.01
1.1731 0.87739 0.8674 0.01 0.01 0.01
1.1809 0.9062 0.91019 0.01 0.01 0.01
1.1874 0.93709 0.95312 0.01 0.01 0.01
1.1928 0.96988 0.99568 0.01 0.01 0.01
1.1973 1.0044 1.0373 0.01 0.01 0.01
1.201 1.0405 1.0775 0.01 0.01 0.01
1.2043 1.078 1.1158 0.01 0.01 0.01
1.2073 1.1168 1.1515 0.01 0.01 0.01
1.2102 1.1566 1.1842 0.01 0.01 0.01
1.2132 1.1973 1.2133 0.01 0.01 0.01
1.2166 1.2388 1.2383 0.01 0.01 0.01
1.2206 1.2808 1.2587 0.01 0.01 0.01
1.2253 1.3233 1.274 0.01 0.01 0.01
1.231 1.366 1.2839 0.01 0.01 0.01
1.2376 1.409 1.2883 0.01 0.01 0.01
1.2451 1.4522 1.2875 0.01 0.01 0.01
1.2535 1.4955 1.2817 0.01 0.01 0.01
1.2625 1.5392 1.2718 0.01 0.01 0.01
1.2721 1.5833 1.2582 0.01 0.01 0.01
1.282 1.6277 1.2417 0.01 0.01 0.01
1.292 1.6727 1.223 0.01 0.01 0.01
1.302 1.7182 1.2027 0.01 0.01 0.01
1.3118 1.7643 1.1814 0.01 0.01 0.01
1.3212 1.8111 1.1598 0.01 0.01 0.01
1.33 1.8587 1.1386 0.01 0.01 0.01
1.3381 1.9072 1.1184 0.01 0.01 0.01
1.3453 1.9565 1.0999 0.01 0.01 0.01
1.3514 2.0069 1.0837 0.01 0.01 0.01
1.3563 2.0582 1.0706 0.01 0.01 0.01
1.3597 2.1107 1.0611 0.01 0.01 0.01
1.3614 2.1644 1.0559 0.01 0.01 0.01
1.3614 2.2193 1.0557 0.01 0.01 0.01
1.3594 2.2756 1.0611 0.01 0.01 0.01
1.3554 2.3332 1.0725 0.01 0.01 0.01
1.3495 2.3921 1.09 0.01 0.01 0.01
1.3416 2.4522 1.1133 0.01 0.01 0.01
1.3322 2.5136 1.142 0.01 0.01 0.01
1.3215 2.5759 1.1755 0.01 0.01 0.01
1.31 2.639 1.2129 0.01 0.01 0.01
1.2979 2.7029 1.2535 0.01 0.01 0.01
1.2856 2.7673 1.2966 0.01 0.01 0.01
1.2735 2.832 1.3415 0.01 0.01 0.01
1.2619 2.897 1.3873 0.01 0.01 0.01
1.2513 2.9621 1.4333 0.01 0.01 0.01
1.2418 3.0271 1.4788 0.01 0.01 0.01
1.234 3.0919 1.5231 0.01 0.01 0.01
1.2282 3.1562 1.5653 0.01 0.01 0.01
1.2247 3.22 1.6048 0.01 0.01 0.01
1.2239 3.2832 1.6407 0.01 0.01 0.01
1.2261 3.3454 1.6724 0.01 0.01 0.01
1.2317 3.4067 1.6991 0.01 0.01 0.01
1.2411 3.4668 1.72 0.01 0.01 0.01
1.2545 3.5256 1.7345 0.01 0.01 0.01
1.2723 3.583 1.7421 0.01 0.01 0.01
1.2942 3.6391 1.7426 0.01 0.01 0.01
1.3203 3.6938 1.7361 0.01 0.01 0.01
1.3501 3.7474 1.7232 0.01 0.01 0.01
1.3831 3.8002 1.7044 0.01 0.01 0.01
1.4188 3.8523 1.6806 0.01 0.01 0.01
1.4567 3.904 1.6523 0.01 0.01 0.01
1.4961 3.9555 1.6204 0.01 0.01 0.01
1.5366 4.0071 1.5856 0.01 0.01 0.01
1.5776 4.059 1.5485 0.01 0.01 0.01
1.6186 4.1115 1.51 0.01 0.01 0.01
1.6591 4.1648 1.4707 0.01 0.01 0.01
1.6984 4.2192 1.4313 0.01 0.01 0.01
1.7362 4.2749 1.3927 0.01 0.01 0.01
1.7718 4.3321 1.3554 0.01 0.01 0.01
1.8046 4.3911 1.3203 0.01 0.01 0.01
1.8343 4.4521 1.288 0.01 0.01 0.01
1.8601 4.5154 1.2593 0.01 0.01 0.01
1.8816 4.5813 1.2349 0.01 0.01 0.01
1.8983 4.6498 1.2155 0.01 0.01 0.01
1.9099 4.7212 1.2015 0.01 0.01 0.01
1.9162 4.7954 1.1932 0.01 0.01 0.01
1.9173 4.872 1.1906 0.01 0.01 0.01
1.9135 4.9508 1.1934 0.01 0.01 0.01
1.9053 5.0312 1.2012 0.01 0.01 0.01
1.8932 5.1126 1.2134 0.01 0.01 0.01
1.8776 5.1944 1.2296 0.01 0.01 0.01
1.8592 5.2762 1.2492 0.01 0.01 0.01
1.8384 5.3574 1.2717 0.01 0.01 0.01
1.8156 5.4375 1.2966 0.01 0.01 0.01
1.7915 5.5157 1.3235 0.01 0.01 0.01
1.7665 5.5917 1.3518 0.01 0.01 0.01
1.7412 5.6649 1.3809 0.01 0.01 0.01
1.7159 5.7347 1.4105 0.01 0.01 0.01
1.6913 5.8005 1.44 0.01 0.01 0.01
1.6679 5.8618 1.4688 0.01 0.01 0.01
1.6461 5.9181 1.4966 0.01 0.01 0.01
1.6264 5.9688 1.5227 0.01 0.01 0.01
1.6094 6.0133 1.5467 0.01 0.01 0.01
1.5955 6.0511 1.5681 0.01 0.01 0.01
1.5851 6.082 1.5866 0.01 0.01 0.01
1.5784 6.1059 1.602 0.01 0.01 0.01
1.5753 6.1229 1.6143 0.01 0.01 0.01
1.5756 6.1335 1.6237 0.01 0.01 0.01
1.5792 6.1385 1.6307 0.01 0.01 0.01
1.5856 6.1384 1.6355 0.01 0.01 0.01
1.5945 6.134 1.6386 0.01 0.01 0.01
1.6056 6.1259 1.6403 0.01 0.01 0.01
1.6186 6.115 1.641 0.01 0.01 0.01
1.6331 6.1018 1.6411 0.01 0.01 0.01
1.6489 6.0872 1.6409 0.01 0.01 0.01
1.6654 6.0717 1.6409 0.01 0.01 0.01
1.6826 6.0561 1.6414 0.01 0.01 0.01
1.6999 6.0411 1.6428 0.01 0.01 0.01
1.7172 6.0274 1.6455 0.01 0.01 0.01
1.7339 6.0156 1.6498 0.01 0.01 0.01
1.7499 6.0066 1.6562 0.01 0.01 0.01
1.7648 6.0009 1.665 0.01 0.01 0.01
1.7783 5.9993 1.6765 0.01 0.01 0.01
1.79 6.0025 1.6913 0.01 0.01 0.01
1.7997 6.0109 1.7094 0.01 0.01 0.01
1.8071 6.0249 1.731 0.01 0.01 0.01
1.8121 6.0444 1.7562 0.01 0.01 0.01
1.8147 6.0692 1.7847 0.01 0.01 0.01
1.8146 6.0992 1.8165 0.01 0.01 0.01
1.812 6.1338 1.8512 0.01 0.01 0.01
1.8066 6.1727 1.8885 0.01 0.01 0.01
1.7986 6.2155 1.9284 0.01 0.01 0.01
1.7879 6.2619 1.9704 0.01 0.01 0.01
1.7743 6.3114 2.0143 0.01 0.01 0.01
1.758 6.3638 2.06 0.01 0.01 0.01
1.7387 6.4185 2.107 0.01 0.01 0.01
1.7165 6.4752 2.1553 0.01 0.01 0.01
1.6913 6.5336 2.2046 0.01 0.01 0.01
1.6632 6.5933 2.2546 0.01 0.01 0.01
1.6319 6.6539 2.305 0.01 0.01 0.01
1.5976 6.715 2.3556 0.01 0.01 0.01
1.56 6.7762 2.4062 0.01 0.01 0.01
1.5193 6.8371 2.4565 0.01 0.01 0.01
1.4754 6.8975 2.5063 0.01 0.01 0.01
1.4283 6.9569 2.5554 0.01 0.01 0.01
1.3782 7.0151 2.6036 0.01 0.01 0.01
1.3253 7.0719 2.6509 0.01 0.01 0.01
1.2702 7.1272 2.6972 0.01 0.01 0.01
1.2131 7.1808 2.7425 0.01 0.01 0.01
1.1546 7.2327 2.7868 0.01 0.01 0.01
1.0952 7.2827 2.8303 0.01 0.01 0.01
1.0353 7.3309 2.8728 0.01 0.01 0.01
0.97548 7.377 2.9144 0.01 0.01 0.01
0.91618 7.421 2.9551 0.01 0.01 0.01
0.85789 7.4627 2.9949 0.01 0.01 0.01
0.80108 7.5022 3.0339 0.01 0.01 0.01
0.74625 7.5394 3.0721 0.01 0.01 0.01
0.69386 7.574 3.1094 0.01 0.01 0.01
0.64441 7.6061 3.1459 0.01 0.01 0.01
0.59837 7.6355 3.1817 0.01 0.01 0.01
0.55623 7.6622 3.2167 0.01 0.01 0.01
0.51848 7.6861 3.2509 0.01 0.01 0.01
0.48558 7.707 3.2844 0.01 0.01 0.01
0.458 7.725 3.3172 0.01 0.01 0.01
0.43604 7.7399 3.3493 0.01 0.01 0.01
0.41981 7.752 3.3806 0.01 0.01 0.01
0.40925 7.7615 3.4112 0.01 0.01 0.01
0.40412 7.7688 3.4411 0.01 0.01 0.01
0.40402 7.7743 3.47 0.01 0.01 0.01
0.40852 7.7784 3.4981 0.01 0.01 0.01
0.4172 7.7817 3.5252 0.01 0.01 0.01
0.42963 7.7847 3.5513 0.01 0.01 0.01
0.44539 7.7877 3.5763 0.01 0.01 0.01
0.46404 7.7913 3.6002 0.01 0.01 0.01
0.48516 7.7959 3.6229 0.01 0.01 0.01
0.50833 7.802 3.6444 0.01 0.01 0.01
0.53312 7.81 3.6646 0.01 0.01 0.01
0.55909 7.8206 3.6835 0.01 0.01 0.01
0.58583 7.834 3.7009 0.01 0.01 0.01
0.61291 7.8508 3.7169 0.01 0.01 0.01
0.6399 7.8714 3.7314 0.01 0.01 0.01
0.66638 7.8964 3.7443 0.01 0.01 0.01
0.69191 7.9262 3.7556 0.01 0.01 0.01
0.71609 7.9612 3.7653 0.01 0.01 0.01
0.7386 8.0016 3.7732 0.01 0.01 0.01
0.75923 8.0476 3.7795 0.01 0.01 0.01
0.77787 8.0988 3.7842 0.01 0.01 0.01
0.79452 8.1549 3.7874 0.01 0.01 0.01
0.80927 8.2153 3.7893 0.01 0.01 0.01
0.82223 8.2793 3.79 0.01 0.01 0.01
0.83351 8.3463 3.7896 0.01 0.01 0.01
0.84321 8.4157 3.7884 0.01 0.01 0.01
0.85144 8.4867 3.7864 0.01 0.01 0.01
0.8583 8.5588 3.7838 0.01 0.01 0.01
0.86392 8.6313 3.7808 0.01 0.01 0.01
0.86839 8.7036 3.7775 0.01 0.01 0.01
0.87182 8.775 3.774 0.01 0.01 0.01
0.87431 8.8449 3.7706 0.01 0.01 0.01
0.87599 8.9126 3.7672 0.01 0.01 0.01
0.87694 8.9776 3.7642 0.01 0.01 0.01
0.87729 9.0391 3.7617 0.01 0.01 0.01
0.87714 9.0965 3.7597 0.01 0.01 0.01
0.87659 9.1492 3.7585 0.01 0.01 0.01
0.87575 9.1965 3.7582 0.01 0.01 0.01
0.87469 9.2381 3.7589 0.01 0.01 0.01
0.87347 9.2737 3.7606 0.01 0.01 0.01
0.8721 9.3034 3.7634 0.01 0.01 0.01
0.87057 9.3274 3.7672 0.01 0.01 0.01
0.86884 9.3461 3.772 0.01 0.01 0.01
0.86687 9.36 3.7776 0.01 0.01 0.01
0.86461 9.3695 3.784 0.01 0.01 0.01
0.86203 9.3752 3.7911 0.01 0.01 0.01
0.85908 9.3773 3.7988 0.01 0.01 0.01
0.85572 9.3765 3.807 0.01 0.01 0.01
0.8519 9.3731 3.8156 0.01 0.01 0.01
0.84758 9.3677 3.8247 0.01 0.01 0.01
0.84273 9.3607 3.834 0.01 0.01 0.01
0.83729 9.3525 3.8434 0.01 0.01 0.01
0.83123 9.3436 3.853 0.01 0.01 0.01
0.82451 9.3344 3.8626 0.01 0.01 0.01
0.81707 9.3255 3.8722 0.01 0.01 0.01
0.80888 9.3173 3.8816 0.01 0.01 0.01
0.7999 9.3102 3.8907 0.01 0.01 0.01
0.79009 9.3047 3.8996 0.01 0.01 0.01
0.77942 9.3011 3.9081 0.01 0.01 0.01
0.76793 9.2995 3.9161 0.01 0.01 0.01
0.75563 9.3002 3.9237 0.01 0.01 0.01
0.74261 9.303 3.9309 0.01 0.01 0.01
0.72896 9.3077 3.9376 0.01 0.01 0.01
0.71475 9.3142 3.9439 0.01 0.01 0.01
0.7001 9.3223 3.9499 0.01 0.01 0.01
0.6851 9.3318 3.9554 0.01 0.01 0.01
0.66984 9.3425 3.9605 0.01 0.01 0.01
0.65441 9.3543 3.9654 0.01 0.01 0.01
0.63892 9.3669 3.9698 0.01 0.01 0.01
0.62345 9.3801 3.974 0.01 0.01 0.01
0.60809 9.3939 3.9778 0.01 0.01 0.01
0.59296 9.4079 3.9814 0.01 0.01 0.01
0.57813 9.4221 3.9847 0.01 0.01 0.01
0.56371 9.4361 3.9878 0.01 0.01 0.01
0.54979 9.4499 3.9906 0.01 0.01 0.01
0.53645 9.4633 3.9932 0.01 0.01 0.01
0.52381 9.476 3.9956 0.01 0.01 0.01
0.51195 9.4879 3.9978 0.01 0.01 0.01
0.50095 9.4989 3.9998 0.01 0.01 0.01
0.49087 9.5088 4.0017 0.01 0.01 0.01
0.48175 9.5176 4.0034 0.01 0.01 0.01
0.47363 9.5252 4.005 0.01 0.01 0.01
0.46652 9.5317 4.0063 0.01 0.01 0.01
0.46044 9.5372 4.0075 0.01 0.01 0.01
0.4554 9.5415 4.0085 0.01 0.01 0.01
0.45141 9.5448 4.0094 0.01 0.01 0.01
0.44848 9.547 4.01 0.01 0.01 0.01
0.44663 9.5482 4.0104 0.01 0.01 0.01
0.44587 9.5484 4.0106 0.01 0.01 0.01
0.44622 9.5476 4.0106 0.01 0.01 0.01
0.44768 9.5458 4.0104 0.01 0.01 0.01
0.45028 9.5431 4.0099 0.01 0.01 0.01
0.45402 9.5394 4.0092 0.01 0.01 0.01
0.45892 9.5349 4.0083 0.01 0.01 0.01
0.46499 9.5294 4.0071 0.01 0.01 0.01
0.47224 9.5231 4.0056 0.01 0.01 0.01
0.48069 9.516 4.0039 0.01 0.01 0.01
0.49035 9.508 4.002 0.01 0.01 0.01
0.50119 9.4992 3.9997 0.01 0.01 0.01
0.51316 9.4897 3.9972 0.01 0.01 0.01
0.52619 9.4796 3.9944 0.01 0.01 0.01
0.54016 9.4688 3.9914 0.01 0.01 0.01
0.55492 9.4576 3.9881 0.01 0.01 0.01
0.57032 9.4461 3.9846 0.01 0.01 0.01
0.58622 9.4342 3.9808 0.01 0.01 0.01
0.60248 9.4222 3.9768 0.01 0.01 0.01
0.61894 9.4102 3.9726 0.01 0.01 0.01
0.63545 9.3982 3.9682 0.01 0.01 0.01
0.65188 9.3864 3.9635 0.01 0.01 0.01
0.66806 9.3748 3.9587 0.01 0.01 0.01
0.68386 9.3636 3.9537 0.01 0.01 0.01
0.69912 9.3529 3.9486 0.01 0.01 0.01
0.7137 9.3428 3.9432 0.01 0.01 0.01
0.72745 9.3333 3.9378 0.01 0.01 0.01
0.74022 9.3247 3.9321 0.01 0.01 0.01
0.75187 9.3169 3.9264 0.01 0.01 0.01
0.76225 9.3101 3.9205 0.01 0.01 0.01
0.77121 9.3045 3.9145 0.01 0.01 0.01
0.7787 9.3 3.9084 0.01 0.01 0.01
0.78471 9.2966 3.9022 0.01 0.01 0.01
0.78932 9.2943 3.8959 0.01 0.01 0.01
0.79268 9.2929 3.8894 0.01 0.01 0.01
0.79501 9.2924 3.8829 0.01 0.01 0.01
0.79654 9.2924 3.8762 0.01 0.01 0.01
0.79749 9.2928 3.8694 0.01 0.01 0.01
0.79809 9.2935 3.8625 0.01 0.01 0.01
0.79856 9.2942 3.8554 0.01 0.01 0.01
0.79915 9.2949 3.8482 0.01 0.01 0.01
0.80006 9.2952 3.8408 0.01 0.01 0.01
0.80154 9.295 3.8333 0.01 0.01 0.01
0.80381 9.2942 3.8256 0.01 0.01 0.01
0.80709 9.2925 3.8178 0.01 0.01 0.01
0.81162 9.2898 3.8097 0.01 0.01 0.01
0.81761 9.2859 3.8015 0.01 0.01 0.01
0.82531 9.2807 3.7931 0.01 0.01 0.01
0.83494 9.2738 3.7845 0.01 0.01 0.01
0.84671 9.2653 3.7757 0.01 0.01 0.01
0.86086 9.2548 3.7667 0.01 0.01 0.01
0.87747 9.2423 3.7575 0.01 0.01 0.01
0.89654 9.2277 3.748 0.01 0.01 0.01
0.91793 9.211 3.7381 0.01 0.01 0.01
0.94139 9.1924 3.7277 0.01 0.01 0.01
0.96658 9.172 3.7168 0.01 0.01 0.01
0.99311 9.1499 3.7052 0.01 0.01 0.01
1.0206 9.1263 3.6928 0.01 0.01 0.01
1.0487 9.1013 3.6794 0.01 0.01 0.01
1.077 9.0751 3.665 0.01 0.01 0.01
1.1052 9.0478 3.6495 0.01 0.01 0.01
1.1329 9.0197 3.6326 0.01 0.01 0.01
1.1597 8.9907 3.6143 0.01 0.01 0.01
1.1852 8.9612 3.5946 0.01 0.01 0.01
1.209 8.9311 3.5731 0.01 0.01 0.01
1.2309 8.9008 3.55 0.01 0.01 0.01
1.2504 8.8704 3.5249 0.01 0.01 0.01
1.2671 8.8399 3.4978 0.01 0.01 0.01
1.2807 8.8096 3.4687 0.01 0.01 0.01
1.2908 8.7795 3.4372 0.01 0.01 0.01
1.297 8.75 3.4035 0.01 0.01 0.01
1.2992 8.721 3.3674 0.01 0.01 0.01
1.2973 8.6927 3.329 0.01 0.01 0.01
1.2914 8.6651 3.2884 0.01 0.01 0.01
1.2818 8.6383 3.246 0.01 0.01 0.01
1.269 8.6123 3.2021 0.01 0.01 0.01
1.2534 8.5871 3.157 0.01 0.01 0.01
1.2354 8.5627 3.111 0.01 0.01 0.01
1.2155 8.5392 3.0646 0.01 0.01 0.01
1.1942 8.5166 3.0181 0.01 0.01 0.01
1.1719 8.4948 2.9718 0.01 0.01 0.01
1.1491 8.4739 2.9261 0.01 0.01 0.01
1.1262 8.4538 2.8814 0.01 0.01 0.01
1.1036 8.4347 2.8379 0.01 0.01 0.01
1.0819 8.4166 2.7961 0.01 0.01 0.01
1.0615 8.3993 2.7563 0.01 0.01 0.01
1.0428 8.3831 2.7188 0.01 0.01 0.01
1.0263 8.3677 2.6841 0.01 0.01 0.01
1.0125 8.3534 2.6524 0.01 0.01 0.01
1.0018 8.3401 2.6241 0.01 0.01 0.01
0.99457 8.3277 2.5996 0.01 0.01 0.01
0.99125 8.3164 2.579 0.01 0.01 0.01
0.99205 8.306 2.5624 0.01 0.01 0.01
0.99708 8.2966 2.5497 0.01 0.01 0.01
1.0063 8.2879 2.5406 0.01 0.01 0.01
1.0198 8.2801 2.5348 0.01 0.01 0.01
1.0373 8.2728 2.5317 0.01 0.01 0.01
1.0587 8.2661 2.5311 0.01 0.01 0.01
1.084 8.2599 2.5324 0.01 0.01 0.01
1.1131 8.254 2.5354 0.01 0.01 0.01
1.1458 8.2484 2.5394 0.01 0.01 0.01
1.182 8.2429 2.5443 0.01 0.01 0.01
1.2217 8.2375 2.5494 0.01 0.01 0.01
1.2648 8.2321 2.5545 0.01 0.01 0.01
1.311 8.2265 2.5591 0.01 0.01 0.01
1.3605 8.2207 2.5627 0.01 0.01 0.01
1.4129 8.2146 2.565 0.01 0.01 0.01
1.4683 8.2081 2.5656 0.01 0.01 0.01
1.5266 8.201 2.564 0.01 0.01 0.01
1.5875 8.1933 2.5598 0.01 0.01 0.01
1.6511 8.1849 2.5527 0.01 0.01 0.01
1.7172 8.1757 2.5423 0.01 0.01 0.01
1.7854 8.1657 2.5286 0.01 0.01 0.01
1.8555 8.1549 2.5116 0.01 0.01 0.01
1.9271 8.1433 2.4915 0.01 0.01 0.01
1.9998 8.131 2.4685 0.01 0.01 0.01
2.073 8.118 2.443 0.01 0.01 0.01
2.1464 8.1044 2.4153 0.01 0.01 0.01
2.2194 8.0903 2.3859 0.01 0.01 0.01
2.2917 8.0757 2.3549 0.01 0.01 0.01
2.3626 8.0607 2.3227 0.01 0.01 0.01
2.4319 8.0453 2.2897 0.01 0.01 0.01
2.499 8.0296 2.2562 0.01 0.01 0.01
2.5634 8.0137 2.2226 0.01 0.01 0.01
2.6248 7.9977 2.189 0.01 0.01 0.01
2.6825 7.9815 2.156 0.01 0.01 0.01
2.7363 7.9653 2.1238 0.01 0.01 0.01
2.7856 7.9491 2.0927 0.01 0.01 0.01
2.8299 7.933 2.0631 0.01 0.01 0.01
2.8689 7.917 2.0353 0.01 0.01 0.01
2.902 7.9012 2.0096 0.01 0.01 0.01
2.929 7.8857 1.9863 0.01 0.01 0.01
2.9498 7.8705 1.9655 0.01 0.01 0.01
2.9646 7.8556 1.9473 0.01 0.01 0.01
2.9737 7.8409 1.9316 0.01 0.01 0.01
2.9775 7.8266 1.9183 0.01 0.01 0.01
2.9765 7.8125 1.9073 0.01 0.01 0.01
2.9713 7.7988 1.8985 0.01 0.01 0.01
2.9624 7.7853 1.8917 0.01 0.01 0.01
2.9503 7.772 1.8869 0.01 0.01 0.01
2.9354 7.759 1.8838 0.01 0.01 0.01
2.9184 7.7462 1.8823 0.01 0.01 0.01
2.8996 7.7336 1.8824 0.01 0.01 0.01
2.8797 7.7212 1.884 0.01 0.01 0.01
2.8591 7.7091 1.8867 0.01 0.01 0.01
2.8384 7.6971 1.8907 0.01 0.01 0.01
2.8179 7.6853 1.8956 0.01 0.01 0.01
2.7984 7.6736 1.9014 0.01 0.01 0.01
2.7802 7.6621 1.9081 0.01 0.01 0.01
2.7639 7.6508 1.9153 0.01 0.01 0.01
2.7499 7.6396 1.9231 0.01 0.01 0.01
2.7387 7.6284 1.9311 0.01 0.01 0.01
2.7305 7.6174 1.9394 0.01 0.01 0.01
2.7254 7.6063 1.9475 0.01 0.01 0.01
2.7234 7.5952 1.9553 0.01 0.01 0.01
2.7244 7.584 1.9624 0.01 0.01 0.01
2.7283 7.5726 1.9686 0.01 0.01 0.01
2.7349 7.5609 1.9735 0.01 0.01 0.01
2.7441 7.5488 1.9768 0.01 0.01 0.01
2.7558 7.5363 1.9782 0.01 0.01 0.01
2.7698 7.5233 1.9774 0.01 0.01 0.01
2.786 7.5097 1.9741 0.01 0.01 0.01
2.8044 7.4954 1.968 0.01 0.01 0.01
2.8246 7.4804 1.9588 0.01 0.01 0.01
2.8467 7.4645 1.9462 0.01 0.01 0.01
2.8704 7.4478 1.9299 0.01 0.01 0.01
2.8957 7.4301 1.9095 0.01 0.01 0.01
2.9223 7.4113 1.8848 0.01 0.01 0.01
2.9503 7.3913 1.8554 0.01 0.01 0.01
2.9794 7.3702 1.8211 0.01 0.01 0.01
3.0095 7.3478 1.7815 0.01 0.01 0.01
3.0405 7.324 1.7367 0.01 0.01 0.01
3.0724 7.2991 1.6866 0.01 0.01 0.01
3.1051 7.273 1.6317 0.01 0.01 0.01
3.1385 7.2461 1.5724 0.01 0.01 0.01
3.1728 7.2185 1.5095 0.01 0.01 0.01
3.208 7.1905 1.4437 0.01 0.01 0.01
3.2441 7.1623 1.3757 0.01 0.01 0.01
3.281 7.1343 1.3063 0.01 0.01 0.01
3.3189 7.1067 1.2363 0.01 0.01 0.01
3.3578 7.0797 1.1664 0.01 0.01 0.01
3.3976 7.0537 1.0973 0.01 0.01 0.01
3.4385 7.0289 1.0299 0.01 0.01 0.01
3.4804 7.0055 0.96469 0.01 0.01 0.01
3.5234 6.9838 0.9026 0.01 0.01 0.01
3.5675 6.9641 0.84433 0.01 0.01 0.01
3.6127 6.9467 0.79063 0.01 0.01 0.01
3.6591 6.9317 0.74224 0.01 0.01 0.01
3.7066 6.9195 0.6999 0.01 0.01 0.01
3.7554 6.9104 0.66436 0.01 0.01 0.01
3.8054 6.9045 0.63633 0.01 0.01 0.01
3.8567 6.902 0.61625 0.01 0.01 0.01
3.9092 6.9029 0.60431 0.01 0.01 0.01
3.9628 6.9071 0.60039 0.01 0.01 0.01
4.0177 6.9141 0.60411 0.01 0.01 0.01
4.0736 6.9237 0.61482 0.01 0.01 0.01
4.1305 6.9354 0.63186 0.01 0.01 0.01
4.1883 6.9488 0.65454 0.01 0.01 0.01
4.2471 6.9633 0.68218 0.01 0.01 0.01
4.3065 6.9787 0.7141 0.01 0.01 0.01
4.3668 6.9945 0.74963 0.01 0.01 0.01
4.4276 7.0101 0.78808 0.01 0.01 0.01
4.489 7.0253 0.82877 0.01 0.01 0.01
4.5509 7.0396 0.87103 0.01 0.01 0.01
4.6133 7.0525 0.91418 0.01 0.01 0.01
4.676 7.0635 0.95753 0.01 0.01 0.01
4.7389 7.0724 1.0004 0.01 0.01 0.01
4.8021 7.0786 1.0421 0.01 0.01 0.01
4.8654 7.0817 1.082 0.01 0.01 0.01
4.9288 7.0813 1.1194 0.01 0.01 0.01
4.9921 7.077 1.1537 0.01 0.01 0.01
5.0554 7.0685 1.1842 0.01 0.01 0.01
5.1185 7.0557 1.2108 0.01 0.01 0.01
5.1814 7.0386 1.2331 0.01 0.01 0.01
5.244 7.0176 1.2513 0.01 0.01 0.01
5.3062 6.993 1.2655 0.01 0.01 0.01
5.3679 6.9652 1.2759 0.01 0.01 0.01
5.4291 6.9345 1.2825 0.01 0.01 0.01
5.4897 6.9015 1.2857 0.01 0.01 0.01
5.5496 6.8665 1.2855 0.01 0.01 0.01
5.6088 6.8299 1.2822 3.9 4.906 1.1
5.6671 6.7922 1.2759 3.9 4.906 1.1
5.7245 6.7536 1.2668 3.9 4.906 1.1
5.7809 6.7147 1.2551 3.9 4.906 1.1
5.8363 6.6759 1.2409 3.9 4.906 1.1
5.8905 6.6374 1.2245 3.9 4.906 1.1
5.9436 6.5998 1.2059 3.9 4.906 1.1
5.9953 6.5635 1.1854 3.9 4.906 1.1
6.0457 6.5288 1.1632 3.9 4.906 1.1
6.0947 6.4962 1.1394 3.9 4.906 1.1
6.1421 6.466 1.1142 3.9 4.906 1.1
6.1881 6.4385 1.0878 3.9 4.906 1.1
6.2325 6.4138 1.0604 3.9 4.906 1.1
6.2754 6.3919 1.0324 3.9 4.906 1.1
6.3171 6.3725 1.0039 3.9 4.906 1.1
6.3576 6.3554 0.97522 3.9 4.906 1.1
6.397 6.3403 0.94677 3.9 4.906 1.1
6.4356 6.3268 0.91883 3.9 4.906 1.1
6.4735 6.3146 0.89169 3.9 4.906 1.1
6.5108 6.3033 0.86566 3.9 4.906 1.1
6.5478 6.2926 0.84107 3.9 5.1 1.0827
6.5845 6.2823 0.81821 3.9 5.1 1.0827
6.6212 6.2719 0.7974 3.9 5.1 1.0827
6.658 6.2611 0.77895 3.9 5.1 1.0827
6.6951 6.2496 0.76316 3.9 5.1 1.0827
6.7325 6.2371 0.75036 3.9 5.1 1.0827
6.7706 6.2232 0.74084 3.9 5.1 1.0827
6.8094 6.2076 0.73492 3.9 5.1 1.0827
6.849 6.19 0.73291 3.9 5.1 1.0827
6.8898 6.17 0.73511 3.9 5.1 1.0827
6.9317 6.1473 0.74182 3.9 5.1 1.0827
6.9749 6.1218 0.75319 3.9 5.1 1.0827
7.0194 6.0932 0.7692 3.9 5.1 1.0827
7.0648 6.0617 0.78971 3.9 5.1 1.0827
7.1111 6.0272 0.81438 3.9 5.1 1.0827
7.1579 5.9899 0.84277 3.9 5.1 1.0827
7.2047 5.9502 0.8744 3.9 5.1 1.0827
7.2513 5.9082 0.9088 3.9 5.1 1.0827
7.2974 5.864 0.94549 3.9 5.1 1.0827
7.3424 5.818 0.98399 3.9 5.1 1.0827
7.3861 5.7703 1.0238 3.9 5.1 1.0827
7.4282 5.7212 1.0645 3.9 5.1 1.0827
7.4682 5.6708 1.1056 3.9 5.1 1.0827
7.5059 5.6193 1.1466 3.9 5.1 1.0827
7.5408 5.567 1.187 3.9 5.1 1.0827
7.5726 5.5141 1.2263 3.9 5.1 1.0827
7.6009 5.4607 1.2642 3.9 5.1 1.0827
7.6254 5.4072 1.3 3.9 5.1 1.0827
7.6457 5.3536 1.3334 3.9 5.1 1.0827
7.6615 5.3003 1.3638 3.9 5.1 1.0827
7.6725 5.2474 1.3908 3.9 5.1 1.0827
7.6784 5.195 1.414 3.9 5.1 1.0827
7.6791 5.1433 1.4334 3.9 5.1 1.0827
7.6747 5.0921 1.4488 3.9 5.1 1.0827
7.6654 5.0415 1.4603 3.9 5.1 1.0827
7.6516 4.9914 1.4683 3.9 5.1 1.0827
7.6337 4.9415 1.4729 3.9 5.1 1.0827
7.6118 4.8917 1.4745 3.9 5.1 1.0827
7.5865 4.8419 1.4733 3.9 5.1 1.0827
7.558 4.7919 1.4695 3.9 5.1 1.0827
7.5268 4.7416 1.4634 5.1 5.1 1.197
7.4931 4.6909 1.4554 5.1 5.1 1.197
7.4573 4.6396 1.4455 5.1 5.1 1.197
7.4198 4.5876 1.4342 5.1 5.1 1.197
7.3809 4.5347 1.4217 5.1 5.1 1.197
7.341 4.4808 1.4082 5.1 5.1 1.197
7.3003 4.4257 1.394 5.1 5.1 1.197
7.2594 4.3693 1.3793 5.1 5.1 1.197
7.2185 4.3115 1.3645 5.1 5.1 1.197
7.178 4.252 1.3498 5.1 5.1 1.197
7.1382 4.1909 1.3355 5.1 5.1 1.197
7.0994 4.1279 1.3217 5.1 5.1 1.197
7.0618 4.0633 1.3087 5.1 5.1 1.197
7.0257 3.9969 1.2966 5.1 5.1 1.197
6.9911 3.9292 1.2857 5.1 5.1 1.197
6.9582 3.8603 1.276 5.1 5.1 1.197
6.927 3.7904 1.2676 5.1 5.1 1.197
6.8976 3.72 1.2607 5.1 5.1 1.197
6.87 3.6493 1.2554 5.1 5.1 1.197
6.8444 3.5785 1.2517 5.1 5.1 1.197
6.8207 3.508 1.2498 5.1 5.1 1.197
6.7991 3.438 1.2499 5.1 5.1 1.197
6.7797 3.3688 1.252 5.1 5.1 1.197
6.7624 3.3007 1.2562 5.1 5.1 1.197
6.7474 3.2341 1.2627 5.1 5.1 1.197
6.7347 3.169 1.2715 5.1 5.1 1.197
6.7245 3.1059 1.2829 5.1 5.1 1.197
6.7167 3.0451 1.2968 5.1 5.1 1.197
6.7115 2.9868 1.3135 5.1 5.1 1.197
6.7089 2.9312 1.333 5.1 5.1 1.197
6.709 2.8788 1.3554 5.1 5.1 1.197
6.7118 2.8296 1.3808 5.1 5.1 1.197
6.7172 2.7838 1.409 5.1 5.1 1.197
6.7253 2.7414 1.44 5.1 5.1 1.197
6.7358 2.7023 1.4733 5.1 5.1 1.197
6.7485 2.6665 1.5087 5.1 5.1 1.197
6.7633 2.6337 1.5459 5.1 5.1 1.197
6.7801 2.6039 1.5843 5.1 5.1 1.197
6.7985 2.5768 1.6238 5.1 5.1 1.197
6.8184 2.5524 1.6638 5.1 5.1 1.197
6.8397 2.5304 1.704 5.1 5.1 1.197
6.8621 2.5108 1.7441 5.1 5.1 1.197
6.8854 2.4934 1.7837 5.1 5.1 1.197
6.9095 2.478 1.8224 5.1 5.1 1.197
6.9342 2.4645 1.8599 5.1 5.1 1.197
6.9593 2.4528 1.8957 5.1 5.1 1.197
6.9845 2.4427 1.9295 5.1 5.1 1.197
7.0098 2.4341 1.961 5.1 5.1 1.197
7.0349 2.4268 1.9897 5.1 5.1 1.197
7.0596 2.4206 2.0154 5.1 5.1 1.197
7.0838 2.4155 2.0376 5.1 5.1 1.197
7.1074 2.4113 2.0561 5.1 5.1 1.197
7.1302 2.4077 2.0709 5.1 5.1 1.197
7.1523 2.4048 2.0819 5.1 5.1 1.197
7.1739 2.4022 2.0894 5.1 5.1 1.197
7.195 2.3998 2.0937 5.1 5.1 1.197
7.2159 2.3974 2.0951 5.1 5.1 1.197
7.2366 2.3949 2.0938 5.1 5.1 1.197
7.2574 2.3921 2.0903 5.1 5.1 1.197
7.2785 2.3888 2.0849 5.1 5.1 1.197
7.2999 2.3848 2.0778 5.1 5.1 1.197
7.3219 2.3799 2.0695 5.1 5.1 1.197
7.3446 2.374 2.0601 5.1 5.1 1.197
7.3683 2.3669 2.0501 5.1 5.1 1.197
7.3929 2.3584 2.0398 5.1 5.1 1.197
7.4188 2.3483 2.0295 5.1 5.1 1.197
7.4461 2.3365 2.0194 5.1 5.1 1.197
7.475 2.3228 2.01 5.1 5.1 1.197
7.5055 2.307 2.0016 5.1 5.1 1.197
7.538 2.2889 1.9945 5.1 5.1 1.197
7.5724 2.2684 1.9889 5.1 5.1 1.197
7.609 2.2454 1.9852 5.1 5.1 1.197
7.6477 2.2198 1.9836 5.1 5.1 1.197
7.6883 2.1919 1.9842 5.1 5.1 1.197
7.7307 2.1617 1.9871 5.1 5.1 1.197
7.7746 2.1296 1.9923 5.1 5.1 1.197
7.8196 2.0959 1.9999 5.1 5.1 1.197
7.8654 2.0608 2.0098 5.1 5.1 1.197
7.9118 2.0247 2.0222 5.1 5.1 1.197
7.9585 1.9877 2.037 5.1 5.1 1.197
8.0051 1.9503 2.0543 5.1 5.1 1.197
8.0513 1.9127 2.074 5.1 5.1 1.197
8.0968 1.8752 2.0963 5.1 5.1 1.197
8.1413 1.8381 2.1212 5.1 5.1 1.197
8.1845 1.8016 2.1486 5.1 5.1 1.197
8.2262 1.7661 2.1786 5.1 5.1 1.197
8.2659 1.7319 2.2112 5.1 5.1 1.197
8.3034 1.6992 2.2465 5.1 5.1 1.197
8.3384 1.6683 2.2845 5.1 5.1 1.197
8.3706 1.6396 2.3252 5.1 5.1 1.197
8.3997 1.6132 2.3686 5.1 5.1 1.197
8.4254 1.5894 2.4147 5.1 5.1 1.197
8.4478 1.5683 2.4634 5.1 5.1 1.197
8.4669 1.5497 2.5145 5.1 5.1 1.197
8.4829 1.5335 2.5678 5.1 5.1 1.197
8.496 1.5194 2.623 5.1 5.1 1.197
8.5065 1.5072 2.6797 5.1 5.1 1.197
8.5148 1.4965 2.7378 5.1 5.1 1.197
8.5211 1.4871 2.7969 5.1 5.1 1.197
8.5257 1.4787 2.8566 5.1 5.1 1.197
8.5289 1.471 2.9168 5.1 5.1 1.197
8.5311 1.4636 2.9771 5.1 5.1 1.197
8.5324 1.4565 3.0371 5.1 5.1 1.197
8.5333 1.4491 3.0967 5.1 5.1 1.197
8.5339 1.4413 3.1555 5.1 5.1 1.197
8.5347 1.4328 3.2132 5.1 5.1 1.197
8.5358 1.4232 3.2695 5.1 5.1 1.197
8.5376 1.4123 3.3241 5.1 5.1 1.197
8.5404 1.3999 3.3767 5.1 5.1 1.197
8.5445 1.3855 3.427 5.1 5.1 1.197
8.5501 1.369 3.4748 5.1 5.1 1.197
8.5575 1.3502 3.5197 5.1 5.1 1.197
8.5668 1.3289 3.5617 5.1 5.1 1.197
8.578 1.3053 3.6008 5.1 5.1 1.197
8.5911 1.2796 3.6368 5.1 5.1 1.197
8.606 1.2518 3.6699 5.1 5.1 1.197
8.6226 1.2224 3.7001 5.1 5.1 1.197
8.6406 1.1915 3.7277 5.1 5.1 1.197
8.6601 1.1595 3.7526 5.1 5.1 1.197
8.6809 1.1266 3.7749 5.1 5.1 1.197
8.7028 1.093 3.7947 5.1 5.1 1.197
8.7257 1.0591 3.8122 5.1 5.1 1.197
8.7496 1.025 3.8274 5.1 5.1 1.197
8.7742 0.99109 3.8403 5.1 5.1 1.197
8.7994 0.95759 3.8512 5.1 5.1 1.197
8.8252 0.92476 3.86 5.1 5.1 1.197
8.8514 0.89286 3.8669 5.1 5.1 1.197
8.8779 0.86217 3.8719 5.1 5.1 1.197
8.9045 0.83294 3.8752 5.1 5.1 1.197
8.9311 0.80543 3.8768 5.1 5.1 1.197
8.9576 0.77989 3.8768 5.1 5.1 1.197
8.9839 0.75652 3.8753 5.1 5.1 1.197
9.0099 0.73541 3.8725 5.1 5.1 1.197
9.0356 0.7166 3.8683 5.1 5.1 1.197
9.0609 0.70003 3.8631 5.1 5.1 1.197
9.0857 0.68559 3.8568 5.1 5.1 1.197
9.1101 0.67314 3.8496 5.1 5.1 1.197
9.134 0.66257 3.8416 5.1 5.1 1.197
9.1574 0.65374 3.8329 5.1 5.1 1.197
9.1803 0.64652 3.8238 5.1 5.1 1.197
9.2027 0.64078 3.8142 5.1 5.1 1.197
9.2245 0.6364 3.8043 5.1 5.1 1.197
9.2457 0.63325 3.7944 5.1 5.1 1.197
9.2662 0.6312 3.7843 5.1 5.1 1.197
9.2862 0.63012 3.7744 5.1 5.1 1.197
9.3055 0.62988 3.7647 5.1 5.1 1.197
9.3241 0.63035 3.7554 5.1 5.1 1.197
9.342 0.6314 3.7465 5.1 5.1 1.197
9.3591 0.63291 3.7383 5.1 5.1 1.197
9.3756 0.63475 3.7307 5.1 5.1 1.197
9.3912 0.63678 3.7241 5.1 5.1 1.197
9.406 0.63888 3.7184 5.1 5.1 1.197
9.42 0.64093 3.7138 5.1 5.1 1.197
9.4332 0.64278 3.7104 5.1 5.1 1.197
9.4455 0.64432 3.7084 5.1 5.1 1.197
9.4569 0.64542 3.7079 5.1 5.1 1.197
9.4674 0.64594 3.709 5.1 5.1 1.197
9.4769 0.64575 3.7118 5.1 5.1 1.197
9.4855 0.64474 3.7165 5.1 5.1 1.197
9.4931 0.64276 3.7232 5.1 5.1 1.197
9.4997 0.6397 3.7319 5.1 5.1 1.197
9.5052 0.63542 3.7429 5.1 5.1 1.197
9.5097 0.6298 3.7563 5.1 5.1 1.197
9.5131 0.6227 3.7722 5.1 5.1 1.197
9.5154 0.61399 3.7906 5.1 5.1 1.197
9.5166 0.60356 3.8118 5.1 5.1 1.197
9.5166 0.59126 3.8359 5.1 5.1 1.197
9.5155 0.57697 3.863 5.1 5.1 1.197
9.5132 0.56057 3.8932 5.1 5.1 1.197
9.5096 0.54192 3.9266 5.1 5.1 1.197
9.5056 0.52257 3.961 5.1 5.1 1.197
9.5 0.5 4 5.1 5.1 1.197
