2 8.5 5 0.01 0.01 0.01
1.9314 8.433 4.9691 0.01 0.01 0.01
1.8498 8.3829 4.9111 0.01 0.01 0.01
1.7578 8.3467 4.8327 0.01 0.01 0.01
1.6578 8.3215 4.7406 0.01 0.01 0.01
1.5524 8.3043 4.6414 0.01 0.01 0.01
1.444 8.2922 4.5418 0.01 0.01 0.01
1.3352 8.2822 4.4483 0.01 0.01 0.01
1.2283 8.2714 4.3677 0.01 0.01 0.01
1.126 8.2569 4.3067 0.01 0.01 0.01
1.0306 8.2356 4.2718 0.01 0.01 0.01
0.94293 8.2036 4.266 0.01 0.01 0.01
0.85634 8.1519 4.2779 0.01 0.01 0.01
0.76242 8.0707 4.2921 0.01 0.01 0.01
0.65279 7.9502 4.2934 0.01 0.01 0.01
0.51902 7.7802 4.2667 0.01 0.01 0.01
0.35953 7.5564 4.2009 0.01 0.01 0.01
0.19984 7.2961 4.1013 0.01 0.01 0.01
0.072289 7.0222 3.9777 0.01 0.01 0.01
0.0092197 6.7576 3.8397 0.01 0.01 0.01
0.042964 6.525 3.6969 0.01 0.01 0.01
0.19141 6.3398 3.559 0.01 0.01 0.01
0.41469 6.1876 3.4361 0.01 0.01 0.01
0.65845 6.0465 3.3383 0.01 0.01 0.01
0.86839 5.8946 3.2758 0.01 0.01 0.01
0.99017 5.7099 3.2588 0.01 0.01 0.01
0.98843 5.4791 3.2932 0.01 0.01 0.01
0.90364 5.2236 3.3691 0.01 0.01 0.01
0.79524 4.9732 3.4722 0.01 0.01 0.01
0.72266 4.7579 3.5886 0.01 0.01 0.01
0.74534 4.6074 3.7039 0.01 0.01 0.01
0.90393 4.5423 3.8043 0.01 0.01 0.01
1.164 4.5451 3.876 0.01 0.01 0.01
1.4724 4.5888 3.9055 0.01 0.01 0.01
1.7758 4.6464 3.8794 0.01 0.01 0.01
2.0212 4.6909 3.784 0.01 0.01 0.01
2.1694 4.6992 3.6133 0.01 0.01 0.01
2.2382 4.6625 3.3916 0.01 0.01 0.01
2.2595 4.5762 3.1503 0.01 0.01 0.01
2.2654 4.4354 2.9212 0.01 0.01 0.01
2.2876 4.2352 2.736 0.01 0.01 0.01
2.3516 3.9768 2.6172 0.01 0.01 0.01
2.4554 3.685 2.5517 0.01 0.01 0.01
2.5909 3.3905 2.5176 0.01 0.01 0.01
2.7495 3.1242 2.4927 0.01 0.01 0.01
2.9228 2.9168 2.455 0.01 0.01 0.01
3.103 2.7899 2.3892 0.01 0.01 0.01
3.2847 2.729 2.3075 0.01 0.01 0.01
3.463 2.7101 2.2287 0.01 0.01 0.01
3.633 2.7094 2.1719 0.01 0.01 0.01
3.7897 2.7032 2.156 0.01 0.01 0.01
3.9307 2.6728 2.1942 0.01 0.01 0.01
4.063 2.6203 2.2765 0.01 0.01 0.01
4.1957 2.553 2.3875 0.01 0.01 0.01
4.3382 2.4781 2.5114 0.01 0.01 0.01
4.4997 2.4028 2.6326 0.01 0.01 0.01
4.6861 2.3338 2.7393 0.01 0.01 0.01
4.89 2.2748 2.8346 0.01 0.01 0.01
5.1003 2.229 2.9255 0.01 0.01 0.01
5.3062 2.1993 3.0189 0.01 0.01 0.01
5.4967 2.189 3.1218 0.01 0.01 0.01
5.6646 2.1993 3.2393 0.01 0.01 0.01
5.8174 2.2246 3.3701 0.01 0.01 0.01
5.9663 2.2573 3.5111 0.01 0.01 0.01
6.1224 2.2899 3.659 0.01 0.01 0.01
6.2971 2.315 3.8108 0.01 0.01 0.01
6.4992 2.3267 3.963 0.01 0.01 0.01
6.7287 2.3251 4.1111 0.01 0.01 0.01
6.9833 2.3121 4.2506 0.01 0.01 0.01
7.2608 2.2896 4.3766 0.01 0.01 0.01
7.5589 2.2593 4.4844 0.01 0.01 0.01
7.8719 2.2233 4.5711 0.01 0.01 0.01
8.1804 2.1852 4.6407 0.01 0.01 0.01
8.4616 2.1488 4.6988 0.01 0.01 0.01
8.6928 2.1179 4.7512 0.01 0.01 0.01
8.8512 2.0964 4.8036 0.01 0.01 0.01
8.921 2.0869 4.8601 0.01 0.01 0.01
8.915 2.0869 4.9186 0.01 0.01 0.01
8.8528 2.093 4.9751 0.01 0.01 0.01
8.7541 2.1014 5.0261 0.01 0.01 0.01
8.6387 2.1086 5.0675 0.01 0.01 0.01
8.5262 2.111 5.0957 0.01 0.01 0.01
8.4364 2.1049 5.1069 0.01 0.01 0.01
8.3889 2.0868 5.0972 0.01 0.01 0.01
8.4036 2.053 5.0628 0.01 0.01 0.01
8.5 2 5 0.01 0.01 0.01
