0.5 0.5 2 0.01 0.01 0.01
0.49824 0.53092 2.0187 0.01 0.01 0.01
0.49505 0.55888 2.0372 0.01 0.01 0.01
0.49157 0.58615 2.0555 0.01 0.01 0.01
0.4871 0.61128 2.0737 0.01 0.01 0.01
0.48174 0.63433 2.0917 0.01 0.01 0.01
0.47555 0.65535 2.1095 0.01 0.01 0.01
0.46861 0.67439 2.1272 0.01 0.01 0.01
0.46099 0.69153 2.1447 0.01 0.01 0.01
0.45278 0.70681 2.1621 0.01 0.01 0.01
0.44403 0.72029 2.1793 0.01 0.01 0.01
0.43484 0.73203 2.1965 0.01 0.01 0.01
0.42528 0.74209 2.2135 0.01 0.01 0.01
0.41541 0.75052 2.2305 0.01 0.01 0.01
0.40532 0.75738 2.2474 0.01 0.01 0.01
0.39508 0.76273 2.2643 0.01 0.01 0.01
0.38476 0.76662 2.2811 0.01 0.01 0.01
0.37445 0.76911 2.2979 0.01 0.01 0.01
0.36421 0.77026 2.3147 0.01 0.01 0.01
0.35412 0.77013 2.3315 0.01 0.01 0.01
0.34426 0.76878 2.3483 0.01 0.01 0.01
0.33471 0.76625 2.3651 0.01 0.01 0.01
0.32552 0.76261 2.3819 0.01 0.01 0.01
0.31679 0.75792 2.3989 0.01 0.01 0.01
0.30859 0.75223 2.4158 0.01 0.01 0.01
0.30099 0.7456 2.4329 0.01 0.01 0.01
0.29407 0.73808 2.45 0.01 0.01 0.01
0.2879 0.72974 2.4673 0.01 0.01 0.01
0.28255 0.72063 2.4847 0.01 0.01 0.01
0.27811 0.7108 2.5022 0.01 0.01 0.01
0.27465 0.70033 2.5198 0.01 0.01 0.01
0.27224 0.68925 2.5377 0.01 0.01 0.01
0.27096 0.67764 2.5556 0.01 0.01 0.01
0.27088 0.66554 2.5738 0.01 0.01 0.01
0.27208 0.65301 2.5922 0.01 0.01 0.01
0.27464 0.64012 2.6108 0.01 0.01 0.01
0.27862 0.62692 2.6296 0.01 0.01 0.01
0.28411 0.61346 2.6486 0.01 0.01 0.01
0.29118 0.5998 2.6679 0.01 0.01 0.01
0.29989 0.586 2.6875 0.01 0.01 0.01
0.31029 0.5721 2.7073 0.01 0.01 0.01
0.32235 0.55811 2.7274 0.01 0.01 0.01
0.33602 0.54405 2.7476 0.01 0.01 0.01
0.3512 0.5299 2.768 0.01 0.01 0.01
0.36776 0.51564 2.7884 0.01 0.01 0.01
0.38555 0.50122 2.8088 0.01 0.01 0.01
0.40444 0.48663 2.829 0.01 0.01 0.01
0.42427 0.47183 2.8491 0.01 0.01 0.01
0.44491 0.45679 2.8689 0.01 0.01 0.01
0.46621 0.44149 2.8884 0.01 0.01 0.01
0.48803 0.42588 2.9074 0.01 0.01 0.01
0.51022 0.40994 2.926 0.01 0.01 0.01
0.53265 0.39365 2.9439 0.01 0.01 0.01
0.55518 0.37696 2.9612 0.01 0.01 0.01
0.57765 0.35985 2.9777 0.01 0.01 0.01
0.59992 0.34229 2.9933 0.01 0.01 0.01
0.62186 0.32425 3.0081 0.01 0.01 0.01
0.64332 0.30569 3.0218 0.01 0.01 0.01
0.66415 0.2866 3.0345 0.01 0.01 0.01
0.68423 0.26694 3.0461 0.01 0.01 0.01
0.70346 0.24675 3.0564 0.01 0.01 0.01
0.72181 0.22613 3.0654 0.01 0.01 0.01
0.73928 0.20523 3.073 0.01 0.01 0.01
0.75594 0.18429 3.0791 0.01 0.01 0.01
0.77189 0.16357 3.0838 0.01 0.01 0.01
0.78726 0.14337 3.0869 0.01 0.01 0.01
0.80216 0.12396 3.0883 0.01 0.01 0.01
0.81671 0.10564 3.088 0.01 0.01 0.01
0.83102 0.0887 3.0859 0.01 0.01 0.01
0.8452 0.073417 3.082 0.01 0.01 0.01
0.85938 0.060082 3.0761 0.01 0.01 0.01
0.87368 0.048981 3.0683 0.01 0.01 0.01
0.88819 0.0404 3.0584 0.01 0.01 0.01
0.90306 0.034628 3.0464 0.01 0.01 0.01
0.91838 0.03195 3.0322 0.01 0.01 0.01
0.93427 0.032654 3.0157 0.01 0.01 0.01
0.95086 0.037026 2.997 0.01 0.01 0.01
0.96826 0.045353 2.9758 0.01 0.01 0.01
0.98658 0.057922 2.9522 0.01 0.01 0.01
1.0059 0.075003 2.9261 0.01 0.01 0.01
1.0263 0.09678 2.8975 0.01 0.01 0.01
1.0477 0.12333 2.8666 0.01 0.01 0.01
1.07 0.15464 2.8335 0.01 0.01 0.01
1.093 0.19058 2.7985 0.01 0.01 0.01
1.1162 0.23095 2.7621 0.01 0.01 0.01
1.1396 0.2755 2.7246 0.01 0.01 0.01
1.1627 0.32403 2.6864 0.01 0.01 0.01
1.1852 0.3763 2.6479 0.01 0.01 0.01
1.2069 0.43208 2.6096 0.01 0.01 0.01
1.2274 0.49115 2.5717 0.01 0.01 0.01
1.2465 0.55329 2.5347 0.01 0.01 0.01
1.2638 0.61825 2.4989 0.01 0.01 0.01
1.279 0.68583 2.4649 0.01 0.01 0.01
1.2918 0.75578 2.4329 0.01 0.01 0.01
1.302 0.8279 2.4034 0.01 0.01 0.01
1.3091 0.90193 2.3767 0.01 0.01 0.01
1.313 0.97767 2.3532 0.01 0.01 0.01
1.3133 1.0549 2.3334 0.01 0.01 0.01
1.3096 1.1333 2.3177 0.01 0.01 0.01
1.3018 1.2128 2.3063 0.01 0.01 0.01
1.2897 1.2931 2.2996 0.01 0.01 0.01
1.2734 1.3738 2.2977 0.01 0.01 0.01
1.2532 1.4548 2.3006 0.01 0.01 0.01
1.2295 1.5357 2.3081 0.01 0.01 0.01
1.203 1.6161 2.3201 0.01 0.01 0.01
1.1743 1.6959 2.3363 0.01 0.01 0.01
1.1442 1.7745 2.3564 0.01 0.01 0.01
1.1131 1.8518 2.3801 0.01 0.01 0.01
1.0819 1.9274 2.4073 0.01 0.01 0.01
1.0512 2.0009 2.4376 0.01 0.01 0.01
1.0216 2.072 2.4707 0.01 0.01 0.01
0.99383 2.1405 2.5065 0.01 0.01 0.01
0.96851 2.2059 2.5446 0.01 0.01 0.01
0.94633 2.268 2.5849 0.01 0.01 0.01
0.92793 2.3264 2.627 0.01 0.01 0.01
0.91399 2.3809 2.6707 0.01 0.01 0.01
0.90515 2.431 2.7157 0.01 0.01 0.01
0.9021 2.4764 2.7617 0.01 0.01 0.01
0.90548 2.5169 2.8086 0.01 0.01 0.01
0.91592 2.5521 2.856 0.01 0.01 0.01
0.9338 2.5818 2.9038 0.01 0.01 0.01
0.95922 2.6061 2.9517 0.01 0.01 0.01
0.99202 2.6252 2.9995 0.01 0.01 0.01
1.0318 2.6394 3.0471 0.01 0.01 0.01
1.0778 2.6492 3.0943 0.01 0.01 0.01
1.1293 2.655 3.1411 0.01 0.01 0.01
1.1857 2.6575 3.1873 0.01 0.01 0.01
1.2462 2.6571 3.2328 0.01 0.01 0.01
1.31 2.6543 3.2774 0.01 0.01 0.01
1.3765 2.6496 3.3211 0.01 0.01 0.01
1.445 2.6436 3.3637 0.01 0.01 0.01
1.5147 2.6367 3.4051 0.01 0.01 0.01
1.5849 2.6296 3.4451 0.01 0.01 0.01
1.6548 2.6226 3.4837 0.01 0.01 0.01
1.7239 2.6163 3.5207 0.01 0.01 0.01
1.7912 2.6112 3.556 0.01 0.01 0.01
1.8562 2.6079 3.5894 0.01 0.01 0.01
1.9181 2.6068 3.6209 0.01 0.01 0.01
1.9762 2.6084 3.6503 0.01 0.01 0.01
2.0298 2.6133 3.6775 0.01 0.01 0.01
2.0783 2.6218 3.7025 0.01 0.01 0.01
2.1217 2.6341 3.7251 0.01 0.01 0.01
2.1597 2.6503 3.7456 0.01 0.01 0.01
2.1926 2.6703 3.7638 0.01 0.01 0.01
2.2208 2.694 3.7801 0.01 0.01 0.01
2.2447 2.7211 3.7945 0.01 0.01 0.01
2.2646 2.7515 3.8073 0.01 0.01 0.01
2.2811 2.7849 3.8185 0.01 0.01 0.01
2.2945 2.8211 3.8283 0.01 0.01 0.01
2.3053 2.86 3.8369 0.01 0.01 0.01
2.3138 2.9012 3.8444 0.01 0.01 0.01
2.3205 2.9446 3.851 0.01 0.01 0.01
2.3258 2.99 3.8568 0.01 0.01 0.01
2.3301 3.0372 3.862 0.01 0.01 0.01
2.3339 3.0859 3.8668 0.01 0.01 0.01
2.3375 3.136 3.8712 0.01 0.01 0.01
2.3413 3.1872 3.8755 0.01 0.01 0.01
2.3458 3.2393 3.8797 0.01 0.01 0.01
2.3514 3.2922 3.8841 0.01 0.01 0.01
2.3585 3.3456 3.8889 0.01 0.01 0.01
2.3674 3.3993 3.894 0.01 0.01 0.01
2.3782 3.4532 3.8997 0.01 0.01 0.01
2.3909 3.5071 3.906 0.01 0.01 0.01
2.4054 3.5608 3.9129 0.01 0.01 0.01
2.4214 3.6143 3.9206 0.01 0.01 0.01
2.4388 3.6674 3.929 0.01 0.01 0.01
2.4573 3.7201 3.9382 0.01 0.01 0.01
2.4766 3.7721 3.9482 0.01 0.01 0.01
2.4964 3.8235 3.9591 0.01 0.01 0.01
2.5165 3.874 3.9708 0.01 0.01 0.01
2.5366 3.9235 3.9834 0.01 0.01 0.01
2.5565 3.9721 3.997 0.01 0.01 0.01
2.576 4.0194 4.0115 0.01 0.01 0.01
2.5947 4.0655 4.0271 0.01 0.01 0.01
2.6125 4.1102 4.0437 0.01 0.01 0.01
2.629 4.1533 4.0614 0.01 0.01 0.01
2.644 4.1948 4.0802 0.01 0.01 0.01
2.6573 4.2346 4.1001 0.01 0.01 0.01
2.6685 4.2725 4.1212 0.01 0.01 0.01
2.6776 4.3085 4.1435 0.01 0.01 0.01
2.6842 4.3425 4.167 0.01 0.01 0.01
2.6883 4.3745 4.1917 0.01 0.01 0.01
2.69 4.4048 4.2176 0.01 0.01 0.01
2.6894 4.4335 4.2444 0.01 0.01 0.01
2.6867 4.4611 4.2722 0.01 0.01 0.01
2.682 4.4877 4.3007 0.01 0.01 0.01
2.6757 4.5138 4.3299 0.01 0.01 0.01
2.6679 4.5396 4.3597 0.01 0.01 0.01
2.6588 4.5656 4.3898 0.01 0.01 0.01
2.6487 4.5919 4.4203 0.01 0.01 0.01
2.6378 4.619 4.4509 0.01 0.01 0.01
2.6263 4.6472 4.4816 0.01 0.01 0.01
2.6144 4.6768 4.5122 0.01 0.01 0.01
2.6024 4.7082 4.5426 0.01 0.01 0.01
2.5904 4.7416 4.5728 0.01 0.01 0.01
2.5786 4.7774 4.6024 0.01 0.01 0.01
2.5673 4.8159 4.6315 0.01 0.01 0.01
2.5568 4.8574 4.6599 0.01 0.01 0.01
2.5472 4.9024 4.6875 0.01 0.01 0.01
2.5386 4.951 4.7142 0.01 0.01 0.01
2.5315 5.0035 4.7398 0.01 0.01 0.01
2.5258 5.0598 4.7642 0.01 0.01 0.01
2.5218 5.1199 4.7873 0.01 0.01 0.01
2.5195 5.1833 4.8089 0.01 0.01 0.01
2.5192 5.2498 4.8288 0.01 0.01 0.01
2.5209 5.3187 4.8469 0.01 0.01 0.01
2.5247 5.3896 4.863 0.01 0.01 0.01
2.5307 5.4621 4.877 0.01 0.01 0.01
2.5391 5.5357 4.8887 0.01 0.01 0.01
2.5499 5.6099 4.898 0.01 0.01 0.01
2.5633 5.6843 4.9046 0.01 0.01 0.01
2.5794 5.7583 4.9084 0.01 0.01 0.01
2.5983 5.8316 4.9093 0.01 0.01 0.01
2.6201 5.9036 4.9071 0.01 0.01 0.01
2.6449 5.9739 4.9017 0.01 0.01 0.01
2.6728 6.0421 4.8928 0.01 0.01 0.01
2.7039 6.1075 4.8804 0.01 0.01 0.01
2.7384 6.1699 4.8642 0.01 0.01 0.01
2.7763 6.2287 4.8441 0.01 0.01 0.01
2.8178 6.2834 4.82 0.01 0.01 0.01
2.8629 6.3339 4.7918 0.01 0.01 0.01
2.9114 6.3799 4.7597 0.01 0.01 0.01
2.9633 6.4214 4.7239 0.01 0.01 0.01
3.0181 6.4588 4.6849 0.01 0.01 0.01
3.0756 6.4923 4.6431 0.01 0.01 0.01
3.1353 6.5223 4.5991 0.01 0.01 0.01
3.1968 6.5492 4.5534 0.01 0.01 0.01
3.2599 6.5734 4.5066 0.01 0.01 0.01
3.3241 6.5953 4.4592 0.01 0.01 0.01
3.3889 6.6151 4.4118 0.01 0.01 0.01
3.4541 6.6334 4.365 0.01 0.01 0.01
3.5193 6.6505 4.3191 0.01 0.01 0.01
3.584 6.6667 4.2749 0.01 0.01 0.01
3.6478 6.6824 4.2327 0.01 0.01 0.01
3.7105 6.6981 4.1933 0.01 0.01 0.01
3.7716 6.714 4.1571 0.01 0.01 0.01
3.8307 6.7307 4.1247 0.01 0.01 0.01
3.8874 6.7483 4.0965 0.01 0.01 0.01
3.9414 6.7674 4.0732 0.01 0.01 0.01
3.9922 6.7883 4.0553 0.01 0.01 0.01
4.0397 6.8112 4.0431 0.01 0.01 0.01
4.0837 6.8363 4.0366 0.01 0.01 0.01
4.1242 6.8636 4.0357 0.01 0.01 0.01
4.1614 6.8931 4.0401 0.01 0.01 0.01
4.1955 6.9247 4.0492 0.01 0.01 0.01
4.2267 6.958 4.0625 0.01 0.01 0.01
4.2553 6.9931 4.0793 0.01 0.01 0.01
4.2816 7.0296 4.099 0.01 0.01 0.01
4.3058 7.0674 4.1211 0.01 0.01 0.01
4.3282 7.1063 4.145 0.01 0.01 0.01
4.3491 7.1462 4.1701 0.01 0.01 0.01
4.3687 7.1868 4.1958 0.01 0.01 0.01
4.3873 7.2281 4.2214 0.01 0.01 0.01
4.4052 7.2697 4.2466 0.01 0.01 0.01
4.4226 7.3116 4.2705 0.01 0.01 0.01
4.4397 7.3535 4.2927 0.01 0.01 0.01
4.4569 7.3953 4.3125 0.01 0.01 0.01
4.4745 7.4368 4.3295 0.01 0.01 0.01
4.4925 7.4778 4.3429 0.01 0.01 0.01
4.5114 7.5181 4.3522 0.01 0.01 0.01
4.5313 7.5576 4.3572 0.01 0.01 0.01
4.5524 7.5961 4.3577 0.01 0.01 0.01
4.5745 7.6334 4.3539 0.01 0.01 0.01
4.5978 7.6693 4.3463 0.01 0.01 0.01
4.6221 7.7038 4.3355 0.01 0.01 0.01
4.6473 7.7365 4.3223 0.01 0.01 0.01
4.6732 7.7673 4.3073 0.01 0.01 0.01
4.6998 7.7962 4.2912 0.01 0.01 0.01
4.7269 7.8228 4.2748 0.01 0.01 0.01
4.7544 7.8471 4.2588 0.01 0.01 0.01
4.7822 7.8688 4.2438 0.01 0.01 0.01
4.8102 7.8878 4.2306 0.01 0.01 0.01
4.8383 7.9039 4.2199 0.01 0.01 0.01
4.8662 7.917 4.2123 0.01 0.01 0.01
4.894 7.9269 4.2086 0.01 0.01 0.01
4.9215 7.9334 4.2095 0.01 0.01 0.01
4.9486 7.9363 4.2157 0.01 0.01 0.01
4.9751 7.9355 4.2279 0.01 0.01 0.01
5.001 7.9309 4.2468 0.01 0.01 0.01
5.0261 7.9222 4.273 0.01 0.01 0.01
5.0503 7.9094 4.307 0.01 0.01 0.01
5.0737 7.8927 4.3486 0.01 0.01 0.01
5.0963 7.8724 4.3977 0.01 0.01 0.01
5.118 7.849 4.4535 0.01 0.01 0.01
5.1391 7.8229 4.5152 0.01 0.01 0.01
5.1595 7.7947 4.5816 0.01 0.01 0.01
5.1795 7.7651 4.6518 0.01 0.01 0.01
5.1992 7.7347 4.7248 0.01 0.01 0.01
5.2186 7.704 4.7996 0.01 0.01 0.01
5.2378 7.6737 4.8751 0.01 0.01 0.01
5.257 7.6443 4.9505 0.01 0.01 0.01
5.2763 7.6164 5.0246 0.01 0.01 0.01
5.2958 7.5906 5.0964 0.01 0.01 0.01
5.3156 7.5675 5.1651 0.01 0.01 0.01
5.3357 7.5477 5.2295 0.01 0.01 0.01
5.3564 7.5318 5.2886 0.01 0.01 0.01
5.3777 7.5204 5.3415 0.01 0.01 0.01
5.3997 7.5141 5.3871 0.01 0.01 0.01
5.4226 7.5134 5.4245 0.01 0.01 0.01
5.4463 7.5189 5.4527 0.01 0.01 0.01
5.4711 7.531 5.471 0.01 0.01 0.01
5.4969 7.5498 5.4794 0.01 0.01 0.01
5.5236 7.5753 5.4779 0.01 0.01 0.01
5.5511 7.6072 5.4673 0.01 0.01 0.01
5.5793 7.645 5.4483 0.01 0.01 0.01
5.608 7.6882 5.4219 0.01 0.01 0.01
5.637 7.7363 5.3893 0.01 0.01 0.01
5.6661 7.7888 5.3513 0.01 0.01 0.01
5.6953 7.8451 5.3089 0.01 0.01 0.01
5.7243 7.9049 5.2631 0.01 0.01 0.01
5.753 7.9674 5.215 0.01 0.01 0.01
5.7812 8.0323 5.1654 0.01 0.01 0.01
5.8087 8.0991 5.1155 0.01 0.01 0.01
5.8354 8.1671 5.0661 0.01 0.01 0.01
5.8611 8.236 5.0183 0.01 0.01 0.01
5.8856 8.3052 4.973 0.01 0.01 0.01
5.9088 8.3742 4.9313 0.01 0.01 0.01
5.9305 8.4425 4.894 0.01 0.01 0.01
5.9505 8.5096 4.8623 0.01 0.01 0.01
5.9687 8.575 4.837 0.01 0.01 0.01
5.9851 8.6383 4.8189 0.01 0.01 0.01
5.9995 8.6991 4.8083 0.01 0.01 0.01
6.012 8.7575 4.8053 0.01 0.01 0.01
6.0229 8.8132 4.8096 0.01 0.01 0.01
6.0322 8.8663 4.8209 0.01 0.01 0.01
6.0402 8.917 4.8386 0.01 0.01 0.01
6.047 8.9652 4.8621 0.01 0.01 0.01
6.0531 9.0109 4.891 0.01 0.01 0.01
6.0584 9.0544 4.9248 0.01 0.01 0.01
6.0633 9.0955 4.9629 0.01 0.01 0.01
6.0679 9.1345 5.0048 0.01 0.01 0.01
6.0725 9.1712 5.05 0.01 0.01 0.01
6.0772 9.2058 5.0979 0.01 0.01 0.01
6.0824 9.2384 5.1482 0.01 0.01 0.01
6.0881 9.269 5.2001 0.01 0.01 0.01
6.0947 9.2976 5.2533 0.01 0.01 0.01
6.1023 9.3244 5.3072 0.01 0.01 0.01
6.1111 9.3493 5.3613 0.01 0.01 0.01
6.1213 9.3725 5.415 0.01 0.01 0.01
6.1333 9.3939 5.4679 0.01 0.01 0.01
6.147 9.4137 5.5196 0.01 0.01 0.01
6.1627 9.4319 5.5697 0.01 0.01 0.01
6.1804 9.4486 5.618 0.01 0.01 0.01
6.2003 9.4639 5.6644 0.01 0.01 0.01
6.2223 9.4777 5.7088 0.01 0.01 0.01
6.2465 9.4903 5.7513 0.01 0.01 0.01
6.2728 9.5016 5.7918 0.01 0.01 0.01
6.3013 9.5117 5.8303 0.01 0.01 0.01
6.332 9.5208 5.8668 0.01 0.01 0.01
6.365 9.5289 5.9012 0.01 0.01 0.01
6.4002 9.536 5.9336 0.01 0.01 0.01
6.4377 9.5423 5.9639 0.01 0.01 0.01
6.4774 9.5477 5.9922 0.01 0.01 0.01
6.5195 9.5525 6.0183 0.01 0.01 0.01
6.5638 9.5566 6.0422 0.01 0.01 0.01
6.6106 9.5601 6.0641 0.01 0.01 0.01
6.6596 9.5631 6.0837 0.01 0.01 0.01
6.7111 9.5657 6.1011 0.01 0.01 0.01
6.7649 9.568 6.1164 0.01 0.01 0.01
6.8211 9.57 6.1294 0.01 0.01 0.01
6.8797 9.5717 6.1402 0.01 0.01 0.01
6.9405 9.5733 6.1489 0.01 0.01 0.01
7.0034 9.5747 6.1556 0.01 0.01 0.01
7.0681 9.5759 6.1605 0.01 0.01 0.01
7.1342 9.5769 6.1638 0.01 0.01 0.01
7.2016 9.5777 6.1656 0.01 0.01 0.01
7.2698 9.5783 6.1663 0.01 0.01 0.01
7.3385 9.5787 6.166 0.01 0.01 0.01
7.4075 9.5788 6.1649 0.01 0.01 0.01
7.4763 9.5786 6.1633 0.01 0.01 0.01
7.5448 9.5781 6.1614 0.01 0.01 0.01
7.6125 9.5773 6.1593 0.01 0.01 0.01
7.6792 9.5762 6.1574 0.01 0.01 0.01
7.7446 9.5747 6.1558 3.9 5.1 3.1833
7.8082 9.5729 6.1548 3.9 5.1 3.1833
7.8699 9.5707 6.1544 3.9 5.1 3.1833
7.9292 9.568 6.1551 3.9 5.1 3.1833
7.9859 9.565 6.157 3.9 5.1 3.1833
8.0397 9.5615 6.1602 3.9 5.1 3.1833
8.0902 9.5575 6.1651 3.9 5.1 3.1833
8.1372 9.5531 6.1717 3.9 5.1 3.1833
8.1807 9.5483 6.1802 3.9 5.1 3.1833
8.2206 9.543 6.1904 3.9 5.1 3.1833
8.2571 9.5375 6.2023 3.9 5.1 3.1833
8.2904 9.5317 6.2159 3.9 5.1 3.1833
8.3207 9.5257 6.2308 3.9 5.1 3.1833
8.3481 9.5197 6.2469 3.9 5.1 3.1833
8.373 9.5136 6.2642 3.9 5.1 3.1833
8.3956 9.5077 6.2823 3.9 5.1 3.1833
8.4161 9.5019 6.3012 3.9 5.1 3.1833
8.4346 9.4964 6.3207 3.9 5.1 3.1833
8.4515 9.4912 6.3407 3.9 5.1 3.1833
8.4669 9.4865 6.3608 3.9 5.1 3.1833
8.4811 9.4822 6.3811 3.9 5.1 3.1833
8.4943 9.4786 6.4014 3.9 5.1 3.1833
8.5068 9.4756 6.4214 3.9 5.1 3.1833
8.5186 9.4733 6.441 3.9 5.1 3.1833
8.5302 9.472 6.4601 3.9 5.1 3.1833
8.5416 9.4715 6.4785 3.9 5.1 3.1833
8.5531 9.472 6.496 3.9 5.1 3.1833
8.5649 9.4736 6.5125 3.9 5.1 3.1833
8.5771 9.4762 6.528 3.9 5.1 3.1833
8.5897 9.4799 6.5425 3.9 5.1 3.1833
8.6028 9.4844 6.556 3.9 5.1 3.1833
8.6162 9.4898 6.5686 3.9 5.1 3.1833
8.63 9.4959 6.5804 3.9 5.1 3.1833
8.6441 9.5025 6.5915 3.9 5.1 3.1833
8.6585 9.5097 6.602 3.9 5.1 3.1833
8.673 9.5171 6.6119 3.9 5.1 3.1833
8.6877 9.5248 6.6215 3.9 5.1 3.1833
8.7024 9.5326 6.6308 3.9 5.1 3.1833
8.7171 9.5404 6.6399 3.9 5.1 3.1833
8.7319 9.548 6.6489 3.9 5.1 3.1833
8.7465 9.5554 6.6579 3.9 5.1 3.1833
8.761 9.5625 6.667 3.9 5.1 3.1833
8.7753 9.569 6.6763 3.9 5.1 3.1833
8.7894 9.5749 6.6858 3.9 5.1 3.1833
8.8032 9.5801 6.6958 3.9 5.1 3.1833
8.8166 9.5845 6.7063 3.9 5.1 3.1833
8.8296 9.5879 6.7174 3.9 5.1 3.1833
8.8422 9.5902 6.7291 3.9 5.1 3.1833
8.8543 9.5915 6.7415 3.9 5.1 3.1833
8.8659 9.5918 6.7545 3.9 5.1 3.1833
8.877 9.5909 6.7681 3.9 5.1 3.1833
8.8877 9.5892 6.7823 3.9 5.1 3.1833
8.8978 9.5866 6.7968 3.9 5.1 3.1833
8.9075 9.5832 6.8117 3.9 5.1 3.1833
8.9168 9.5791 6.8268 3.9 5.1 3.1833
8.9256 9.5743 6.842 3.9 5.1 3.1833
8.934 9.5691 6.8572 3.9 5.1 3.1833
8.9419 9.5634 6.8724 3.9 5.1 3.1833
8.9494 9.5573 6.8874 3.9 5.1 3.1833
8.9565 9.551 6.9021 3.9 5.1 3.1833
8.9632 9.5445 6.9165 3.9 5.1 3.1833
8.9695 9.5379 6.9304 3.9 5.1 3.1833
8.9755 9.5312 6.9437 3.9 5.1 3.1833
8.981 9.5246 6.9564 3.9 5.1 3.1833
8.9862 9.5181 6.9684 3.9 5.1 3.1833
8.991 9.5119 6.9795 3.9 5.1 3.1833
8.9955 9.506 6.9897 3.9 5.1 3.1833
8.9997 9.5005 6.9989 3.9 5.1 3.1833
9.0035 9.4953 7.0071 3.9 5.1 3.1833
9.0069 9.4907 7.0141 3.9 5.1 3.1833
9.01 9.4866 7.0202 3.9 5.1 3.1833
9.0128 9.4829 7.0252 3.9 5.1 3.1833
9.0152 9.4798 7.0293 3.9 5.1 3.1833
9.0172 9.4772 7.0324 3.9 5.1 3.1833
9.0188 9.4751 7.0346 3.9 5.1 3.1833
9.02 9.4736 7.036 3.9 5.1 3.1833
9.0208 9.4726 7.0365 3.9 5.1 3.1833
9.0211 9.4722 7.0363 3.9 5.1 3.1833
9.0211 9.4723 7.0353 3.9 5.1 3.1833
9.0206 9.4731 7.0336 3.9 5.1 3.1833
9.0196 9.4744 7.0313 3.9 5.1 3.1833
9.0182 9.4763 7.0283 3.9 5.1 3.1833
9.0163 9.4788 7.0248 3.9 5.1 3.1833
9.014 9.4819 7.0207 3.9 5.1 3.1833
9.0111 9.4856 7.0161 3.9 5.1 3.1833
9.0077 9.49 7.011 3.9 5.1 3.1833
9.0039 9.495 7.0055 3.9 5.1 3.1833
8.9995 9.5006 6.9996 3.9 5.1 3.1833
8.9946 9.5068 6.9933 3.9 5.1 3.1833
8.9892 9.5135 6.9865 3.9 5.1 3.1833
8.9833 9.5206 6.9793 3.9 5.1 3.1833
8.977 9.528 6.9716 3.9 5.1 3.1833
8.9703 9.5356 6.9632 3.9 5.1 3.1833
8.9633 9.5433 6.9542 3.9 5.1 3.1833
8.9558 9.5508 6.9445 3.9 5.1 3.1833
8.9481 9.5582 6.934 3.9 5.1 3.1833
8.9401 9.5653 6.9227 3.9 5.1 3.1833
8.9318 9.572 6.9105 3.9 5.1 3.1833
8.9234 9.5782 6.8974 3.9 5.1 3.1833
8.9147 9.5837 6.8833 3.9 5.1 3.1833
8.9059 9.5884 6.8681 3.9 5.1 3.1833
8.897 9.5922 6.8517 3.9 5.1 3.1833
8.888 9.595 6.8342 3.9 5.1 3.1833
8.8789 9.5967 6.8155 3.9 5.1 3.1833
8.8698 9.5971 6.7954 3.9 5.1 3.1833
8.8608 9.5962 6.774 3.9 5.1 3.1833
8.8517 9.5937 6.7511 3.9 5.1 3.1833
8.8427 9.5898 6.727 3.9 5.1 3.1833
8.8338 9.5843 6.7015 3.9 5.1 3.1833
8.8248 9.5774 6.6751 3.9 5.1 3.1833
8.8157 9.5693 6.6481 3.9 5.1 3.1833
8.8065 9.5602 6.6209 3.9 5.1 3.1833
8.797 9.5504 6.5939 3.9 5.1 3.1833
8.7872 9.54 6.5676 3.9 5.1 3.1833
8.7769 9.5293 6.5424 3.9 5.1 3.1833
8.7662 9.5186 6.5188 3.9 5.1 3.1833
8.7548 9.5081 6.4972 3.9 5.1 3.1833
8.7426 9.4981 6.4781 3.9 5.1 3.1833
8.7297 9.4887 6.4619 3.9 5.1 3.1833
8.7159 9.4803 6.4491 3.9 5.1 3.1833
8.7012 9.4731 6.4401 3.9 5.1 3.1833
8.6853 9.4672 6.4353 3.9 5.1 3.1833
8.6683 9.4631 6.4353 3.9 5.1 3.1833
8.6501 9.4608 6.4403 3.9 5.1 3.1833
8.6305 9.4607 6.451 3.9 5.1 3.1833
8.6094 9.463 6.4677 3.9 5.1 3.1833
8.5869 9.4678 6.4909 3.9 5.1 3.1833
8.5628 9.4754 6.5207 3.9 5.1 3.1833
8.537 9.4858 6.557 3.9 5.1 3.1833
8.5095 9.4988 6.5997 3.9 5.1 3.1833
8.4804 9.5143 6.6481 3.9 5.1 3.1833
8.4496 9.5319 6.7014 3.9 5.1 3.1833
8.417 9.5513 6.7589 3.9 5.1 3.1833
8.3828 9.5722 6.8198 3.9 5.1 3.1833
8.3469 9.5942 6.8832 3.9 5.1 3.1833
8.3093 9.6171 6.9484 3.9 5.1 3.1833
8.27 9.6405 7.0146 3.9 5.1 3.1833
8.2291 9.6641 7.0809 3.9 5.1 3.1833
8.1865 9.6875 7.1465 3.9 5.1 3.1833
8.1422 9.7105 7.2107 3.9 5.1 3.1833
8.0962 9.7326 7.2727 3.9 5.1 3.1833
8.0485 9.7537 7.3316 3.9 5.1 3.1833
7.9992 9.7733 7.3866 3.9 5.1 3.1833
7.9482 9.7911 7.437 3.9 5.1 3.1833
7.8956 9.8069 7.4819 3.9 5.1 3.1833
7.8413 9.8202 7.5205 0.01 0.01 0.01
7.7854 9.8308 7.5522 0.01 0.01 0.01
7.7278 9.8384 7.5763 0.01 0.01 0.01
7.6686 9.843 7.5927 0.01 0.01 0.01
7.608 9.8445 7.6016 0.01 0.01 0.01
7.546 9.8429 7.6033 0.01 0.01 0.01
7.4828 9.8385 7.5987 0.01 0.01 0.01
7.4185 9.8314 7.5883 0.01 0.01 0.01
7.3532 9.8218 7.5731 0.01 0.01 0.01
7.2871 9.8099 7.5537 0.01 0.01 0.01
7.2203 9.7958 7.5308 0.01 0.01 0.01
7.153 9.7798 7.5053 0.01 0.01 0.01
7.0853 9.7619 7.4779 0.01 0.01 0.01
7.0174 9.7425 7.4493 0.01 0.01 0.01
6.9493 9.7217 7.4204 0.01 0.01 0.01
6.8813 9.6996 7.3917 0.01 0.01 0.01
6.8134 9.6764 7.3642 0.01 0.01 0.01
6.7458 9.6523 7.3384 0.01 0.01 0.01
6.6786 9.6275 7.3153 0.01 0.01 0.01
6.6121 9.6022 7.2955 0.01 0.01 0.01
6.5462 9.5765 7.2798 0.01 0.01 0.01
6.4812 9.5507 7.269 0.01 0.01 0.01
6.4172 9.5248 7.2634 0.01 0.01 0.01
6.3542 9.4991 7.2634 0.01 0.01 0.01
6.2922 9.4737 7.2691 0.01 0.01 0.01
6.2314 9.4487 7.2801 0.01 0.01 0.01
6.1716 9.4243 7.2961 0.01 0.01 0.01
6.1129 9.4005 7.3167 0.01 0.01 0.01
6.0551 9.3776 7.3414 0.01 0.01 0.01
5.9984 9.3556 7.3698 0.01 0.01 0.01
5.9426 9.3346 7.4013 0.01 0.01 0.01
5.8878 9.3148 7.4356 0.01 0.01 0.01
5.8339 9.2963 7.4722 0.01 0.01 0.01
5.7809 9.2792 7.5106 0.01 0.01 0.01
5.7287 9.2637 7.5505 0.01 0.01 0.01
5.6774 9.2498 7.5913 0.01 0.01 0.01
5.6269 9.2378 7.6326 0.01 0.01 0.01
5.5772 9.2276 7.6739 0.01 0.01 0.01
5.5283 9.2195 7.7149 0.01 0.01 0.01
5.4801 9.2136 7.755 0.01 0.01 0.01
5.4326 9.2099 7.7938 0.01 0.01 0.01
5.3859 9.2087 7.8309 0.01 0.01 0.01
5.3398 9.2099 7.8659 0.01 0.01 0.01
5.2943 9.2136 7.8985 0.01 0.01 0.01
5.2494 9.2195 7.9286 0.01 0.01 0.01
5.205 9.2277 7.9562 0.01 0.01 0.01
5.161 9.2378 7.9811 0.01 0.01 0.01
5.1175 9.2496 8.0034 0.01 0.01 0.01
5.0743 9.2628 8.0232 0.01 0.01 0.01
5.0314 9.2773 8.0405 0.01 0.01 0.01
4.9886 9.2928 8.0552 0.01 0.01 0.01
4.9461 9.309 8.0673 0.01 0.01 0.01
4.9036 9.3256 8.077 0.01 0.01 0.01
4.8611 9.3426 8.0842 0.01 0.01 0.01
4.8186 9.3595 8.0889 0.01 0.01 0.01
4.776 9.3763 8.0912 0.01 0.01 0.01
4.7333 9.3925 8.091 0.01 0.01 0.01
4.6903 9.4081 8.0884 0.01 0.01 0.01
4.647 9.4227 8.0834 0.01 0.01 0.01
4.6034 9.4361 8.076 0.01 0.01 0.01
4.5594 9.4481 8.0663 0.01 0.01 0.01
4.5149 9.4584 8.0542 0.01 0.01 0.01
4.4699 9.4669 8.0397 0.01 0.01 0.01
4.4244 9.4735 8.0231 0.01 0.01 0.01
4.3783 9.4782 8.0043 0.01 0.01 0.01
4.3318 9.481 7.9836 0.01 0.01 0.01
4.2847 9.4822 7.9612 0.01 0.01 0.01
4.2372 9.4819 7.9372 0.01 0.01 0.01
4.1893 9.4801 7.9118 0.01 0.01 0.01
4.141 9.4772 7.8851 0.01 0.01 0.01
4.0923 9.4731 7.8575 0.01 0.01 0.01
4.0434 9.4682 7.8291 0.01 0.01 0.01
3.9942 9.4625 7.8001 0.01 0.01 0.01
3.9448 9.4562 7.7706 0.01 0.01 0.01
3.8952 9.4494 7.7408 0.01 0.01 0.01
3.8454 9.4424 7.711 0.01 0.01 0.01
3.7955 9.4352 7.6814 0.01 0.01 0.01
3.7455 9.428 7.652 0.01 0.01 0.01
3.6955 9.421 7.6232 0.01 0.01 0.01
3.6455 9.4144 7.595 0.01 0.01 0.01
3.5955 9.4082 7.5678 0.01 0.01 0.01
3.5456 9.4026 7.5415 0.01 0.01 0.01
3.4958 9.3978 7.5165 0.01 0.01 0.01
3.4461 9.3938 7.4927 0.01 0.01 0.01
3.3966 9.3905 7.47 0.01 0.01 0.01
3.3472 9.388 7.4483 0.01 0.01 0.01
3.298 9.3862 7.4274 0.01 0.01 0.01
3.2489 9.3848 7.4071 0.01 0.01 0.01
3.2001 9.384 7.3872 0.01 0.01 0.01
3.1514 9.3834 7.3675 0.01 0.01 0.01
3.1029 9.3831 7.3477 0.01 0.01 0.01
3.0546 9.383 7.3276 0.01 0.01 0.01
3.0066 9.3829 7.307 0.01 0.01 0.01
2.9587 9.3828 7.2858 0.01 0.01 0.01
2.9111 9.3824 7.2636 0.01 0.01 0.01
2.8637 9.3819 7.2403 0.01 0.01 0.01
2.8166 9.3809 7.2157 0.01 0.01 0.01
2.7697 9.3796 7.1895 0.01 0.01 0.01
2.7231 9.3776 7.1615 0.01 0.01 0.01
2.6767 9.375 7.1315 0.01 0.01 0.01
2.6306 9.3716 7.0993 0.01 0.01 0.01
2.5848 9.3674 7.0648 0.01 0.01 0.01
2.5393 9.3623 7.0277 0.01 0.01 0.01
2.4942 9.3564 6.9881 0.01 0.01 0.01
2.4494 9.3497 6.9462 0.01 0.01 0.01
2.4052 9.3425 6.9022 0.01 0.01 0.01
2.3614 9.3349 6.8564 0.01 0.01 0.01
2.3183 9.3272 6.8092 0.01 0.01 0.01
2.2759 9.3196 6.761 0.01 0.01 0.01
2.2344 9.3124 6.712 0.01 0.01 0.01
2.1937 9.3059 6.6628 0.01 0.01 0.01
2.1539 9.3002 6.6135 0.01 0.01 0.01
2.1153 9.2956 6.5647 0.01 0.01 0.01
2.0777 9.2923 6.5166 0.01 0.01 0.01
2.0414 9.2906 6.4696 0.01 0.01 0.01
2.0064 9.2907 6.4241 0.01 0.01 0.01
1.9728 9.2929 6.3804 0.01 0.01 0.01
1.9406 9.2974 6.3389 0.01 0.01 0.01
1.91 9.3044 6.2999 0.01 0.01 0.01
1.8811 9.3142 6.2639 0.01 0.01 0.01
1.8539 9.327 6.2311 0.01 0.01 0.01
1.8284 9.343 6.2019 0.01 0.01 0.01
1.8048 9.3624 6.1766 0.01 0.01 0.01
1.783 9.3851 6.1552 0.01 0.01 0.01
1.7628 9.411 6.1376 0.01 0.01 0.01
1.7442 9.4397 6.1237 0.01 0.01 0.01
1.7268 9.4709 6.1131 0.01 0.01 0.01
1.7105 9.5042 6.1056 0.01 0.01 0.01
1.695 9.5391 6.1008 0.01 0.01 0.01
1.6802 9.5752 6.0983 0.01 0.01 0.01
1.6657 9.6121 6.0979 0.01 0.01 0.01
1.6513 9.6494 6.0991 0.01 0.01 0.01
1.6369 9.6866 6.1017 0.01 0.01 0.01
1.6221 9.7234 6.1054 0.01 0.01 0.01
1.6068 9.7593 6.1097 0.01 0.01 0.01
1.5908 9.7938 6.1144 0.01 0.01 0.01
1.5737 9.8267 6.1192 0.01 0.01 0.01
1.5554 9.8574 6.1237 0.01 0.01 0.01
1.5356 9.8855 6.1275 0.01 0.01 0.01
1.5142 9.9106 6.1304 0.01 0.01 0.01
1.4908 9.9323 6.132 0.01 0.01 0.01
1.4653 9.9502 6.132 0.01 0.01 0.01
1.4376 9.9641 6.1302 0.01 0.01 0.01
1.4075 9.9736 6.1264 0.01 0.01 0.01
1.3751 9.979 6.1206 0.01 0.01 0.01
1.3406 9.9802 6.1129 0.01 0.01 0.01
1.3041 9.9775 6.1034 0.01 0.01 0.01
1.2659 9.9712 6.0923 0.01 0.01 0.01
1.2261 9.9615 6.0798 0.01 0.01 0.01
1.185 9.9488 6.0659 0.01 0.01 0.01
1.1429 9.9332 6.051 0.01 0.01 0.01
1.0998 9.915 6.0352 0.01 0.01 0.01
1.0561 9.8945 6.0186 0.01 0.01 0.01
1.012 9.872 6.0014 0.01 0.01 0.01
0.96762 9.8477 5.9838 0.01 0.01 0.01
0.92322 9.8218 5.966 0.01 0.01 0.01
0.87902 9.7947 5.948 0.01 0.01 0.01
0.83523 9.7666 5.9301 0.01 0.01 0.01
0.79208 9.7378 5.9125 0.01 0.01 0.01
0.74977 9.7084 5.8953 0.01 0.01 0.01
0.70852 9.6789 5.8787 0.01 0.01 0.01
0.66855 9.6494 5.8629 0.01 0.01 0.01
0.63007 9.6203 5.848 0.01 0.01 0.01
0.5933 9.5917 5.8341 0.01 0.01 0.01
0.55845 9.5639 5.8216 0.01 0.01 0.01
0.52575 9.5372 5.8105 0.01 0.01 0.01
0.4954 9.5119 5.8009 0.01 0.01 0.01
0.46762 9.4882 5.7932 0.01 0.01 0.01
0.44262 9.4664 5.7874 0.01 0.01 0.01
0.42063 9.4468 5.7837 0.01 0.01 0.01
0.40186 9.4295 5.7823 0.01 0.01 0.01
0.38651 9.4149 5.7833 0.01 0.01 0.01
0.37482 9.4033 5.7869 0.01 0.01 0.01
0.36699 9.3948 5.7934 0.01 0.01 0.01
0.36325 9.3898 5.8028 0.01 0.01 0.01
0.36379 9.3886 5.8153 0.01 0.01 0.01
0.36885 9.3913 5.8311 0.01 0.01 0.01
0.37864 9.3982 5.8503 0.01 0.01 0.01
0.39337 9.4097 5.8732 0.01 0.01 0.01
0.41326 9.4259 5.8999 0.01 0.01 0.01
0.43852 9.4472 5.9306 0.01 0.01 0.01
0.4655 9.47 5.9625 0.01 0.01 0.01
0.5 9.5 6 0.01 0.01 0.01
