0.5 0.5 2 0.01 0.01 0.01
0.52305 0.52326 1.9927 0.01 0.01 0.01
0.54445 0.54229 1.9851 0.01 0.01 0.01
0.56546 0.56037 1.9774 0.01 0.01 0.01
0.58528 0.57546 1.9696 0.01 0.01 0.01
0.60392 0.58769 1.9616 0.01 0.01 0.01
0.62143 0.5972 1.9536 0.01 0.01 0.01
0.63782 0.60414 1.9455 0.01 0.01 0.01
0.65314 0.60864 1.9376 0.01 0.01 0.01
0.66741 0.61084 1.9298 0.01 0.01 0.01
0.68065 0.61089 1.9221 0.01 0.01 0.01
0.69291 0.60892 1.9148 0.01 0.01 0.01
0.7042 0.60507 1.9077 0.01 0.01 0.01
0.71457 0.59949 1.901 0.01 0.01 0.01
0.72403 0.59231 1.8948 0.01 0.01 0.01
0.73263 0.58368 1.8891 0.01 0.01 0.01
0.74038 0.57372 1.8839 0.01 0.01 0.01
0.74732 0.56259 1.8794 0.01 0.01 0.01
0.75348 0.55042 1.8755 0.01 0.01 0.01
0.75889 0.53736 1.8724 0.01 0.01 0.01
0.76358 0.52354 1.8701 0.01 0.01 0.01
0.76757 0.50909 1.8687 0.01 0.01 0.01
0.7709 0.49418 1.8682 0.01 0.01 0.01
0.7736 0.47892 1.8687 0.01 0.01 0.01
0.7757 0.46347 1.8703 0.01 0.01 0.01
0.77723 0.44795 1.873 0.01 0.01 0.01
0.77821 0.43252 1.8769 0.01 0.01 0.01
0.77868 0.41731 1.8821 0.01 0.01 0.01
0.77866 0.40247 1.8885 0.01 0.01 0.01
0.77819 0.38812 1.8963 0.01 0.01 0.01
0.7773 0.37441 1.9056 0.01 0.01 0.01
0.77601 0.36149 1.9163 0.01 0.01 0.01
0.77436 0.34949 1.9286 0.01 0.01 0.01
0.77238 0.33855 1.9426 0.01 0.01 0.01
0.77009 0.3288 1.9582 0.01 0.01 0.01
0.76753 0.3204 1.9755 0.01 0.01 0.01
0.76472 0.31349 1.9947 0.01 0.01 0.01
0.76169 0.30819 2.0157 0.01 0.01 0.01
0.75849 0.30465 2.0387 0.01 0.01 0.01
0.75512 0.303 2.0636 0.01 0.01 0.01
0.75166 0.30336 2.0905 0.01 0.01 0.01
0.74814 0.30578 2.1192 0.01 0.01 0.01
0.74466 0.31032 2.1495 0.01 0.01 0.01
0.7413 0.31695 2.1812 0.01 0.01 0.01
0.73818 0.32567 2.2138 0.01 0.01 0.01
0.7354 0.33643 2.247 0.01 0.01 0.01
0.73307 0.3492 2.2804 0.01 0.01 0.01
0.7313 0.36395 2.3135 0.01 0.01 0.01
0.73019 0.38065 2.3461 0.01 0.01 0.01
0.72987 0.39925 2.3777 0.01 0.01 0.01
0.73043 0.41973 2.4079 0.01 0.01 0.01
0.732 0.44205 2.4363 0.01 0.01 0.01
0.73467 0.46618 2.4626 0.01 0.01 0.01
0.73855 0.49209 2.4864 0.01 0.01 0.01
0.74376 0.51973 2.5072 0.01 0.01 0.01
0.75041 0.54909 2.5247 0.01 0.01 0.01
0.7586 0.58011 2.5386 0.01 0.01 0.01
0.76844 0.61278 2.5483 0.01 0.01 0.01
0.78005 0.64705 2.5536 0.01 0.01 0.01
0.79351 0.68289 2.554 0.01 0.01 0.01
0.80888 0.72028 2.5495 0.01 0.01 0.01
0.82611 0.7592 2.5399 0.01 0.01 0.01
0.84511 0.79964 2.5256 0.01 0.01 0.01
0.8657 0.84158 2.5069 0.01 0.01 0.01
0.88766 0.88504 2.4845 0.01 0.01 0.01
0.91074 0.93002 2.459 0.01 0.01 0.01
0.9347 0.97652 2.4309 0.01 0.01 0.01
0.9593 1.0245 2.401 0.01 0.01 0.01
0.98429 1.0741 2.3699 0.01 0.01 0.01
1.0094 1.1252 2.3381 0.01 0.01 0.01
1.0345 1.1778 2.3064 0.01 0.01 0.01
1.0592 1.2319 2.2753 0.01 0.01 0.01
1.0834 1.2876 2.2455 0.01 0.01 0.01
1.1067 1.3448 2.2176 0.01 0.01 0.01
1.129 1.4036 2.1922 0.01 0.01 0.01
1.1499 1.4639 2.17 0.01 0.01 0.01
1.1694 1.5258 2.1515 0.01 0.01 0.01
1.187 1.5893 2.1375 0.01 0.01 0.01
1.2026 1.6542 2.1285 0.01 0.01 0.01
1.216 1.7208 2.1251 0.01 0.01 0.01
1.2269 1.7888 2.1278 0.01 0.01 0.01
1.2354 1.8582 2.1367 0.01 0.01 0.01
1.2414 1.9286 2.1516 0.01 0.01 0.01
1.2449 1.9999 2.1724 0.01 0.01 0.01
1.2463 2.0716 2.1985 0.01 0.01 0.01
1.2455 2.1435 2.2294 0.01 0.01 0.01
1.2429 2.215 2.2646 0.01 0.01 0.01
1.2386 2.2859 2.3035 0.01 0.01 0.01
1.2327 2.3557 2.3455 0.01 0.01 0.01
1.2254 2.4242 2.3903 0.01 0.01 0.01
1.2169 2.4909 2.4371 0.01 0.01 0.01
1.2074 2.5555 2.4855 0.01 0.01 0.01
1.197 2.6175 2.535 0.01 0.01 0.01
1.1859 2.6767 2.585 0.01 0.01 0.01
1.1743 2.7327 2.635 0.01 0.01 0.01
1.1624 2.785 2.6844 0.01 0.01 0.01
1.1503 2.8333 2.7327 0.01 0.01 0.01
1.1382 2.8773 2.7795 0.01 0.01 0.01
1.1262 2.9166 2.824 0.01 0.01 0.01
1.1146 2.9507 2.8659 0.01 0.01 0.01
1.1035 2.9797 2.9048 0.01 0.01 0.01
1.093 3.0032 2.9404 0.01 0.01 0.01
1.0833 3.0216 2.9728 0.01 0.01 0.01
1.0745 3.0351 3.0019 0.01 0.01 0.01
1.0666 3.0441 3.0281 0.01 0.01 0.01
1.0597 3.049 3.0516 0.01 0.01 0.01
1.054 3.0504 3.0726 0.01 0.01 0.01
1.0495 3.0486 3.0915 0.01 0.01 0.01
1.0464 3.044 3.1086 0.01 0.01 0.01
1.0446 3.0373 3.124 0.01 0.01 0.01
1.0444 3.0287 3.138 0.01 0.01 0.01
1.0457 3.0188 3.151 0.01 0.01 0.01
1.0488 3.0079 3.1631 0.01 0.01 0.01
1.0536 2.9966 3.1747 0.01 0.01 0.01
1.0603 2.9853 3.186 0.01 0.01 0.01
1.0689 2.9744 3.1972 0.01 0.01 0.01
1.0796 2.9644 3.2088 0.01 0.01 0.01
1.0924 2.9557 3.2208 0.01 0.01 0.01
1.1074 2.9488 3.2336 0.01 0.01 0.01
1.1248 2.9441 3.2474 0.01 0.01 0.01
1.1444 2.942 3.2625 0.01 0.01 0.01
1.1663 2.9426 3.2789 0.01 0.01 0.01
1.1903 2.9461 3.2966 0.01 0.01 0.01
1.2162 2.9526 3.3156 0.01 0.01 0.01
1.2435 2.9619 3.3358 0.01 0.01 0.01
1.2722 2.974 3.357 0.01 0.01 0.01
1.3017 2.9887 3.379 0.01 0.01 0.01
1.3318 3.006 3.4019 0.01 0.01 0.01
1.3622 3.0258 3.4253 0.01 0.01 0.01
1.3926 3.048 3.4492 0.01 0.01 0.01
1.4226 3.0724 3.4735 0.01 0.01 0.01
1.4519 3.0991 3.4979 0.01 0.01 0.01
1.4803 3.1279 3.5225 0.01 0.01 0.01
1.5073 3.1588 3.5469 0.01 0.01 0.01
1.5327 3.1916 3.5711 0.01 0.01 0.01
1.5561 3.2262 3.595 0.01 0.01 0.01
1.5773 3.2626 3.6183 0.01 0.01 0.01
1.5959 3.3006 3.641 0.01 0.01 0.01
1.6116 3.3402 3.663 0.01 0.01 0.01
1.6241 3.3813 3.6841 0.01 0.01 0.01
1.6332 3.4238 3.7041 0.01 0.01 0.01
1.6389 3.4677 3.723 0.01 0.01 0.01
1.6411 3.5128 3.7407 0.01 0.01 0.01
1.6401 3.5592 3.7572 0.01 0.01 0.01
1.6361 3.6069 3.7724 0.01 0.01 0.01
1.6295 3.6557 3.7863 0.01 0.01 0.01
1.6205 3.7058 3.7989 0.01 0.01 0.01
1.6095 3.757 3.81 0.01 0.01 0.01
1.5967 3.8094 3.8198 0.01 0.01 0.01
1.5824 3.8629 3.8282 0.01 0.01 0.01
1.5669 3.9175 3.8351 0.01 0.01 0.01
1.5506 3.9733 3.8404 0.01 0.01 0.01
1.5337 4.0301 3.8443 0.01 0.01 0.01
1.5165 4.0879 3.8466 0.01 0.01 0.01
1.4993 4.1468 3.8473 0.01 0.01 0.01
1.4824 4.2067 3.8464 0.01 0.01 0.01
1.4662 4.2676 3.8439 0.01 0.01 0.01
1.4508 4.3294 3.8397 0.01 0.01 0.01
1.4367 4.3922 3.8337 0.01 0.01 0.01
1.4241 4.456 3.826 0.01 0.01 0.01
1.4132 4.5205 3.8166 0.01 0.01 0.01
1.4043 4.5859 3.8056 0.01 0.01 0.01
1.3975 4.6518 3.793 0.01 0.01 0.01
1.3928 4.7181 3.7791 0.01 0.01 0.01
1.3905 4.7846 3.764 0.01 0.01 0.01
1.3904 4.8511 3.748 0.01 0.01 0.01
1.3927 4.9172 3.7313 0.01 0.01 0.01
1.3974 4.9829 3.7141 0.01 0.01 0.01
1.4046 5.0477 3.6966 0.01 0.01 0.01
1.4143 5.1115 3.6791 0.01 0.01 0.01
1.4265 5.1741 3.6617 0.01 0.01 0.01
1.4414 5.2352 3.6447 0.01 0.01 0.01
1.4589 5.2946 3.6283 0.01 0.01 0.01
1.4792 5.352 3.6127 0.01 0.01 0.01
1.5022 5.4072 3.5982 0.01 0.01 0.01
1.5281 5.46 3.5849 0.01 0.01 0.01
1.5568 5.5102 3.5731 0.01 0.01 0.01
1.5885 5.5574 3.563 0.01 0.01 0.01
1.6232 5.6015 3.5548 0.01 0.01 0.01
1.6608 5.6422 3.5488 0.01 0.01 0.01
1.7015 5.6794 3.545 0.01 0.01 0.01
1.7452 5.7131 3.5435 0.01 0.01 0.01
1.7918 5.7433 3.5444 0.01 0.01 0.01
1.8411 5.7702 3.5477 0.01 0.01 0.01
1.893 5.7941 3.5531 0.01 0.01 0.01
1.9473 5.8153 3.5606 0.01 0.01 0.01
2.0039 5.834 3.5701 0.01 0.01 0.01
2.0624 5.8504 3.5814 0.01 0.01 0.01
2.1228 5.865 3.5944 0.01 0.01 0.01
2.1849 5.8778 3.609 0.01 0.01 0.01
2.2485 5.8893 3.6251 0.01 0.01 0.01
2.3133 5.8997 3.6425 0.01 0.01 0.01
2.3793 5.9093 3.6612 0.01 0.01 0.01
2.4462 5.9183 3.6809 0.01 0.01 0.01
2.5139 5.927 3.7016 0.01 0.01 0.01
2.5821 5.9357 3.7231 0.01 0.01 0.01
2.6507 5.9447 3.7454 0.01 0.01 0.01
2.7195 5.9542 3.7683 0.01 0.01 0.01
2.7883 5.9646 3.7917 0.01 0.01 0.01
2.857 5.976 3.8155 0.01 0.01 0.01
2.9253 5.9887 3.8395 0.01 0.01 0.01
2.9932 6.0029 3.8636 0.01 0.01 0.01
3.0606 6.0187 3.888 0.01 0.01 0.01
3.1275 6.0361 3.9124 0.01 0.01 0.01
3.1939 6.0552 3.9369 0.01 0.01 0.01
3.2597 6.076 3.9614 0.01 0.01 0.01
3.3249 6.0984 3.986 0.01 0.01 0.01
3.3896 6.1225 4.0106 0.01 0.01 0.01
3.4537 6.1484 4.0353 0.01 0.01 0.01
3.5173 6.1759 4.0599 0.01 0.01 0.01
3.5803 6.2052 4.0845 0.01 0.01 0.01
3.6428 6.2361 4.1092 0.01 0.01 0.01
3.7047 6.2688 4.1337 0.01 0.01 0.01
3.766 6.3033 4.1583 0.01 0.01 0.01
3.8267 6.3394 4.1827 0.01 0.01 0.01
3.8869 6.3774 4.2071 0.01 0.01 0.01
3.9464 6.4171 4.2314 0.01 0.01 0.01
4.0054 6.4585 4.2556 0.01 0.01 0.01
4.0638 6.5018 4.2797 0.01 0.01 0.01
4.1216 6.5468 4.3036 0.01 0.01 0.01
4.1789 6.5935 4.3274 0.01 0.01 0.01
4.2354 6.6419 4.351 0.01 0.01 0.01
4.2914 6.6918 4.3744 0.01 0.01 0.01
4.3467 6.7431 4.3975 0.01 0.01 0.01
4.4013 6.7954 4.4203 0.01 0.01 0.01
4.4552 6.8486 4.4429 0.01 0.01 0.01
4.5083 6.9025 4.465 0.01 0.01 0.01
4.5606 6.9567 4.4867 0.01 0.01 0.01
4.6122 7.0111 4.5079 0.01 0.01 0.01
4.6628 7.0655 4.5287 0.01 0.01 0.01
4.7126 7.1195 4.5489 0.01 0.01 0.01
4.7614 7.173 4.5685 0.01 0.01 0.01
4.8093 7.2258 4.5874 0.01 0.01 0.01
4.8562 7.2775 4.6057 0.01 0.01 0.01
4.902 7.3281 4.6232 0.01 0.01 0.01
4.9468 7.3771 4.64 0.01 0.01 0.01
4.9906 7.4245 4.6559 0.01 0.01 0.01
5.0332 7.4699 4.671 0.01 0.01 0.01
5.0747 7.5132 4.6852 0.01 0.01 0.01
5.1149 7.5541 4.6985 0.01 0.01 0.01
5.154 7.5924 4.7108 0.01 0.01 0.01
5.192 7.6281 4.7223 0.01 0.01 0.01
5.229 7.661 4.7329 0.01 0.01 0.01
5.2649 7.6913 4.7429 0.01 0.01 0.01
5.3001 7.7189 4.7525 0.01 0.01 0.01
5.3347 7.7439 4.7618 0.01 0.01 0.01
5.3687 7.7665 4.771 0.01 0.01 0.01
5.4024 7.7866 4.7803 0.01 0.01 0.01
5.4359 7.8044 4.7899 0.01 0.01 0.01
5.4694 7.8199 4.8 0.01 0.01 0.01
5.503 7.8333 4.8108 0.01 0.01 0.01
5.5369 7.8445 4.8224 0.01 0.01 0.01
5.5711 7.8537 4.8352 0.01 0.01 0.01
5.6059 7.8609 4.8491 0.01 0.01 0.01
5.6415 7.8662 4.8645 0.01 0.01 0.01
5.6779 7.8697 4.8815 0.01 0.01 0.01
5.7153 7.8714 4.9004 0.01 0.01 0.01
5.7539 7.8715 4.9212 0.01 0.01 0.01
5.7939 7.8699 4.9443 0.01 0.01 0.01
5.8353 7.8669 4.9697 0.01 0.01 0.01
5.8782 7.8624 4.9976 0.01 0.01 0.01
5.9228 7.8568 5.028 0.01 0.01 0.01
5.9692 7.8501 5.0608 0.01 0.01 0.01
6.0172 7.8426 5.0958 0.01 0.01 0.01
6.0668 7.8347 5.1329 0.01 0.01 0.01
6.1181 7.8266 5.1717 0.01 0.01 0.01
6.171 7.8187 5.212 0.01 0.01 0.01
6.2254 7.8112 5.2536 0.01 0.01 0.01
6.2813 7.8045 5.2962 3.9 5.1 3.3737
6.3386 7.7988 5.3395 3.9 5.1 3.3737
6.3974 7.7945 5.3832 3.9 5.1 3.3737
6.4576 7.7919 5.4273 3.9 5.1 3.3737
6.5192 7.7913 5.4713 3.9 5.1 3.3737
6.582 7.7929 5.515 3.9 5.1 3.3737
6.6461 7.7971 5.5582 3.9 5.1 3.3737
6.7114 7.8042 5.6007 3.9 5.1 3.3737
6.778 7.8144 5.6421 3.9 5.1 3.3737
6.8457 7.8282 5.6822 3.9 5.1 3.3737
6.9145 7.8458 5.7208 3.9 5.1 3.3737
6.9843 7.8674 5.7576 3.9 5.1 3.3737
7.0552 7.8933 5.7924 3.9 5.1 3.3737
7.1268 7.9233 5.8252 3.9 5.1 3.3737
7.1991 7.9574 5.8557 3.9 5.1 3.3737
7.2716 7.995 5.8841 3.9 5.1 3.3737
7.3442 8.0358 5.9104 3.9 5.1 3.3737
7.4165 8.0791 5.9346 3.9 5.1 3.3737
7.4881 8.1246 5.9567 3.9 5.1 3.3737
7.5587 8.1715 5.977 3.9 5.1 3.3737
7.628 8.2195 5.9953 3.9 5.1 3.3737
7.6957 8.2679 6.0117 3.9 5.1 3.3737
7.7614 8.3163 6.0264 3.9 5.1 3.3737
7.8248 8.3641 6.0393 3.9 5.1 3.3737
7.8856 8.4108 6.0506 3.9 5.1 3.3737
7.9434 8.4558 6.0602 3.9 5.1 3.3737
7.9979 8.4986 6.0683 3.9 5.1 3.3737
8.0487 8.5388 6.0748 3.9 5.1 3.3737
8.0957 8.5757 6.0799 3.9 5.1 3.3737
8.1383 8.6088 6.0836 3.9 5.1 3.3737
8.1763 8.6377 6.086 3.9 5.1 3.3737
8.2094 8.6617 6.087 3.9 5.1 3.3737
8.2374 8.6806 6.0868 3.9 5.1 3.3737
8.2603 8.6944 6.0854 3.9 5.1 3.3737
8.2782 8.703 6.0826 3.9 5.1 3.3737
8.2914 8.707 6.0785 3.9 5.1 3.3737
8.3002 8.7067 6.0729 3.9 5.1 3.3737
8.3052 8.7027 6.0657 3.9 5.1 3.3737
8.3068 8.6955 6.057 3.9 5.1 3.3737
8.3053 8.6859 6.0465 3.9 5.1 3.3737
8.3013 8.6742 6.0341 3.9 5.1 3.3737
8.2951 8.661 6.0199 3.9 5.1 3.3737
8.2872 8.6469 6.0037 3.9 5.1 3.3737
8.278 8.6325 5.9853 3.9 5.1 3.3737
8.268 8.6182 5.9648 3.9 5.1 3.3737
8.2576 8.6047 5.942 3.9 5.1 3.3737
8.2472 8.5925 5.9168 3.9 5.1 3.3737
8.2373 8.5822 5.8891 3.9 5.1 3.3737
8.2282 8.5742 5.8589 3.9 5.1 3.3737
8.2205 8.5692 5.826 3.9 5.1 3.3737
8.2145 8.5677 5.7904 3.9 5.1 3.3737
8.2107 8.5703 5.7519 3.9 5.1 3.3737
8.2093 8.5772 5.7107 3.9 5.1 3.3737
8.2105 8.5887 5.6667 3.9 5.1 3.3737
8.2141 8.6048 5.6203 3.9 5.1 3.3737
8.2201 8.6253 5.5717 3.9 5.1 3.3737
8.228 8.6497 5.5214 3.9 5.1 3.3737
8.2375 8.6779 5.4699 3.9 5.1 3.3737
8.2482 8.7092 5.4175 3.9 5.1 3.3737
8.2598 8.7435 5.3646 3.9 5.1 3.3737
8.2719 8.7803 5.3118 3.9 5.1 3.3737
8.2841 8.8191 5.2594 3.9 5.1 3.3737
8.2961 8.8598 5.208 3.9 5.1 3.3737
8.3075 8.9017 5.1578 3.9 5.1 3.3737
8.3179 8.9447 5.1094 3.9 5.1 3.3737
8.3269 8.9882 5.0632 3.9 5.1 3.3737
8.3343 9.032 5.0196 3.9 5.1 3.3737
8.3396 9.0756 4.9791 3.9 5.1 3.3737
8.3425 9.1186 4.9421 3.9 5.1 3.3737
8.3426 9.1607 4.9089 3.9 5.1 3.3737
8.3395 9.2015 4.8802 3.9 5.1 3.3737
8.3329 9.2406 4.8562 3.9 5.1 3.3737
8.3226 9.2778 4.8373 3.9 5.1 3.3737
8.3088 9.3128 4.8234 3.9 5.1 3.3737
8.2914 9.3455 4.8145 3.9 5.1 3.3737
8.2711 9.376 4.8103 3.9 5.1 3.3737
8.2484 9.4043 4.8103 3.9 5.1 3.3737
8.2238 9.4305 4.814 3.9 5.1 3.3737
8.198 9.4547 4.821 3.9 5.1 3.3737
8.1716 9.477 4.8308 3.9 5.1 3.3737
8.1452 9.4974 4.8429 3.9 5.1 3.3737
8.1195 9.5161 4.8567 3.9 5.1 3.3737
8.0949 9.5331 4.872 3.9 5.1 3.3737
8.0722 9.5486 4.888 3.9 5.1 3.3737
8.0518 9.5625 4.9045 3.9 5.1 3.3737
8.0346 9.5751 4.9208 3.9 5.1 3.3737
8.021 9.5864 4.9365 3.9 5.1 3.3737
8.0116 9.5964 4.9512 3.9 5.1 3.3737
8.0072 9.6054 4.9643 3.9 5.1 3.3737
8.0082 9.6132 4.9754 3.9 5.1 3.3737
8.0153 9.6202 4.9839 3.9 5.1 3.3737
8.029 9.6263 4.9895 3.9 5.1 3.3737
8.0498 9.6315 4.9918 3.9 5.1 3.3737
8.0775 9.6361 4.9906 3.9 5.1 3.3737
8.1122 9.6399 4.9861 3.9 5.1 3.3737
8.1532 9.6432 4.9784 3.9 5.1 3.3737
8.1999 9.6457 4.9678 3.9 5.1 3.3737
8.2516 9.6477 4.9548 3.9 5.1 3.3737
8.3075 9.6491 4.9397 3.9 5.1 3.3737
8.3668 9.6499 4.9229 3.9 5.1 3.3737
8.4288 9.6501 4.9047 3.9 5.1 3.3737
8.4929 9.6499 4.8855 3.9 5.1 3.3737
8.5581 9.6491 4.8657 3.9 5.1 3.3737
8.6239 9.6477 4.8458 3.9 5.1 3.3737
8.6894 9.646 4.8259 3.9 5.1 3.3737
8.7539 9.6437 4.8066 3.9 5.1 3.3737
8.8167 9.641 4.7882 3.9 5.1 3.3737
8.877 9.6379 4.771 3.9 5.1 3.3737
8.934 9.6344 4.7555 3.9 5.1 3.3737
8.9872 9.6305 4.742 3.9 5.1 3.3737
9.0356 9.6262 4.7309 3.9 5.1 3.3737
9.0786 9.6216 4.7225 3.9 5.1 3.3737
9.1158 9.6166 4.7171 3.9 5.1 3.3737
9.1467 9.6113 4.7149 3.9 5.1 3.3737
9.1714 9.6058 4.7157 3.9 5.1 3.3737
9.1901 9.6 4.7195 3.9 5.1 3.3737
9.2032 9.5941 4.7261 3.9 5.1 3.3737
9.2111 9.5879 4.7352 3.9 5.1 3.3737
9.2142 9.5817 4.7465 3.9 5.1 3.3737
9.213 9.5753 4.7598 3.9 5.1 3.3737
9.2079 9.5689 4.7748 3.9 5.1 3.3737
9.1994 9.5624 4.7914 3.9 5.1 3.3737
9.1878 9.556 4.8091 3.9 5.1 3.3737
9.1737 9.5496 4.8278 3.9 5.1 3.3737
9.1574 9.5433 4.8473 3.9 5.1 3.3737
9.1394 9.5371 4.8672 3.9 5.1 3.3737
9.1201 9.5311 4.8873 3.9 5.1 3.3737
9.1 9.5253 4.9074 3.9 5.1 3.3737
9.0794 9.5197 4.9272 3.9 5.1 3.3737
9.0589 9.5144 4.9465 3.9 5.1 3.3737
9.0388 9.5094 4.9649 3.9 5.1 3.3737
9.0196 9.5047 4.9824 3.9 5.1 3.3737
9.0016 9.5004 4.9985 3.9 5.1 3.3737
8.9851 9.4965 5.0133 3.9 5.1 3.3737
8.9703 9.493 5.0265 3.9 5.1 3.3737
8.9571 9.4899 5.0382 3.9 5.1 3.3737
8.9458 9.4872 5.0484 3.9 5.1 3.3737
8.9362 9.4849 5.057 3.9 5.1 3.3737
8.9283 9.4831 5.064 3.9 5.1 3.3737
8.9222 9.4816 5.0695 3.9 5.1 3.3737
8.9178 9.4806 5.0734 3.9 5.1 3.3737
8.9152 9.48 5.0757 3.9 5.1 3.3737
8.9144 9.4798 5.0765 3.9 5.1 3.3737
8.9153 9.48 5.0757 3.9 5.1 3.3737
8.9179 9.4806 5.0734 3.9 5.1 3.3737
8.9223 9.4816 5.0695 3.9 5.1 3.3737
8.9284 9.4831 5.064 3.9 5.1 3.3737
8.9363 9.4849 5.057 3.9 5.1 3.3737
8.9459 9.4872 5.0484 3.9 5.1 3.3737
8.9572 9.4899 5.0383 3.9 5.1 3.3737
8.9703 9.493 5.0265 3.9 5.1 3.3737
8.9851 9.4965 5.0133 3.9 5.1 3.3737
9.0016 9.5004 4.9985 3.9 5.1 3.3737
9.0195 9.5047 4.9823 3.9 5.1 3.3737
9.0387 9.5094 4.9649 3.9 5.1 3.3737
9.0587 9.5144 4.9465 3.9 5.1 3.3737
9.0791 9.5197 4.9272 3.9 5.1 3.3737
9.0996 9.5253 4.9074 3.9 5.1 3.3737
9.1196 9.5311 4.8873 3.9 5.1 3.3737
9.1389 9.5371 4.8671 3.9 5.1 3.3737
9.1568 9.5433 4.8472 3.9 5.1 3.3737
9.173 9.5496 4.8278 3.9 5.1 3.3737
9.1871 9.556 4.809 3.9 5.1 3.3737
9.1986 9.5624 4.7913 3.9 5.1 3.3737
9.2071 9.5689 4.7747 3.9 5.1 3.3737
9.2122 9.5753 4.7597 3.9 5.1 3.3737
9.2134 9.5817 4.7464 3.9 5.1 3.3737
9.2103 9.5879 4.7351 3.9 5.1 3.3737
9.2025 9.5941 4.726 3.9 5.1 3.3737
9.1896 9.6 4.7195 3.9 5.1 3.3737
9.171 9.6058 4.7157 3.9 5.1 3.3737
9.1465 9.6113 4.7148 3.9 5.1 3.3737
9.1158 9.6166 4.7171 3.9 5.1 3.3737
9.079 9.6216 4.7225 3.9 5.1 3.3737
9.0362 9.6262 4.7309 3.9 5.1 3.3737
8.9881 9.6305 4.7421 3.9 5.1 3.3737
8.9354 9.6344 4.7556 3.9 5.1 3.3737
8.8786 9.6379 4.7712 3.9 5.1 3.3737
8.8187 9.641 4.7884 3.9 5.1 3.3737
8.7562 9.6437 4.8069 3.9 5.1 3.3737
8.692 9.646 4.8262 3.9 5.1 3.3737
8.6267 9.6477 4.8461 3.9 5.1 3.3737
8.5612 9.649 4.8661 3.9 5.1 3.3737
8.4961 9.6499 4.8859 3.9 5.1 3.3737
8.4321 9.6501 4.905 3.9 5.1 3.3737
8.37 9.6499 4.9232 3.9 5.1 3.3737
8.3106 9.6491 4.9401 3.9 5.1 3.3737
8.2545 9.6477 4.9552 3.9 5.1 3.3737
8.2025 9.6457 4.9681 3.9 5.1 3.3737
8.1553 9.6432 4.9786 3.9 5.1 3.3737
8.1137 9.6399 4.9863 3.9 5.1 3.3737
8.0783 9.6361 4.9907 3.9 5.1 3.3737
8.0496 9.6315 4.9917 3.9 5.1 3.3737
8.0278 9.6263 4.9893 3.9 5.1 3.3737
8.0129 9.6202 4.9836 3.9 5.1 3.3737
8.0046 9.6133 4.9749 3.9 5.1 3.3737
8.0023 9.6054 4.9637 3.9 5.1 3.3737
8.0054 9.5964 4.9505 3.9 5.1 3.3737
8.0135 9.5864 4.9357 3.9 5.1 3.3737
8.0259 9.5751 4.9198 3.9 5.1 3.3737
8.042 9.5626 4.9033 3.9 5.1 3.3737
8.0614 9.5486 4.8868 3.9 5.1 3.3737
8.0834 9.5331 4.8706 3.9 5.1 3.3737
8.1074 9.5161 4.8554 3.9 5.1 3.3737
8.133 9.4974 4.8415 3.9 5.1 3.3737
8.1595 9.477 4.8294 3.9 5.1 3.3737
8.1863 9.4547 4.8197 3.9 5.1 3.3737
8.2129 9.4306 4.8128 3.9 5.1 3.3737
8.2388 9.4044 4.8092 3.9 5.1 3.3737
8.2633 9.376 4.8094 3.9 5.1 3.3737
8.2858 9.3456 4.8139 3.9 5.1 3.3737
8.306 9.3128 4.8231 3.9 5.1 3.3737
8.3232 9.2778 4.8373 3.9 5.1 3.3737
8.3374 9.2406 4.8567 3.9 5.1 3.3737
8.3483 9.2015 4.8812 3.9 5.1 3.3737
8.356 9.1607 4.9105 3.9 5.1 3.3737
8.3608 9.1186 4.9442 3.9 5.1 3.3737
8.3628 9.0755 4.9817 3.9 5.1 3.3737
8.3623 9.0319 5.0228 3.9 5.1 3.3737
8.3594 8.9881 5.0669 3.9 5.1 3.3737
8.3545 8.9446 5.1136 3.9 5.1 3.3737
8.3476 8.9016 5.1624 3.9 5.1 3.3737
8.339 8.8597 5.2129 3.9 5.1 3.3737
8.3289 8.819 5.2646 3.9 5.1 3.3737
8.3176 8.7802 5.317 3.9 5.1 3.3737
8.3052 8.7434 5.3698 3.9 5.1 3.3737
8.292 8.7091 5.4225 3.9 5.1 3.3737
8.2782 8.6778 5.4745 3.9 5.1 3.3737
8.2639 8.6497 5.5256 3.9 5.1 3.3737
8.2495 8.6252 5.5751 3.9 5.1 3.3737
8.2351 8.6048 5.6227 3.9 5.1 3.3737
8.2209 8.5887 5.6679 3.9 5.1 3.3737
8.2071 8.5772 5.7104 3.9 5.1 3.3737
8.194 8.5703 5.75 3.9 5.1 3.3737
8.1816 8.5678 5.7866 3.9 5.1 3.3737
8.1702 8.5693 5.8202 3.9 5.1 3.3737
8.1598 8.5744 5.851 3.9 5.1 3.3737
8.1506 8.5824 5.8792 3.9 5.1 3.3737
8.1427 8.5928 5.9048 3.9 5.1 3.3737
8.1363 8.605 5.9281 3.9 5.1 3.3737
8.1315 8.6185 5.9491 3.9 5.1 3.3737
8.1284 8.6328 5.9682 3.9 5.1 3.3737
8.1271 8.6473 5.9853 3.9 5.1 3.3737
8.1279 8.6614 6.0008 3.9 5.1 3.3737
8.1307 8.6746 6.0146 3.9 5.1 3.3737
8.1359 8.6863 6.0271 3.9 5.1 3.3737
8.1434 8.6959 6.0383 3.9 5.1 3.3737
8.1534 8.703 6.0484 3.9 5.1 3.3737
8.1661 8.707 6.0575 3.9 5.1 3.3737
8.1816 8.7072 6.0659 3.9 5.1 3.3737
8.2 8.7032 6.0736 3.9 5.1 3.3737
8.2215 8.6945 6.0809 3.9 5.1 3.3737
8.246 8.6806 6.0879 3.9 5.1 3.3737
8.2734 8.6615 6.0946 3.9 5.1 3.3737
8.3037 8.6372 6.1012 3.9 5.1 3.3737
8.3365 8.6079 6.1078 3.9 5.1 3.3737
8.3714 8.5742 6.1144 3.9 5.1 3.3737
8.408 8.5365 6.121 3.9 5.1 3.3737
8.4459 8.4952 6.1278 3.9 5.1 3.3737
8.4847 8.4509 6.1348 3.9 5.1 3.3737
8.524 8.404 6.1421 3.9 5.1 3.3737
8.5634 8.355 6.1496 3.9 5.1 3.3737
8.6024 8.3043 6.1575 3.9 5.1 3.3737
8.6408 8.2525 6.1658 3.9 5.1 3.3737
8.678 8.2 6.1746 3.9 5.1 3.3737
8.7137 8.1473 6.1839 3.9 5.1 3.3737
8.7475 8.0948 6.1938 3.9 5.1 3.3737
8.779 8.0431 6.2043 3.9 5.1 3.3737
8.8077 7.9926 6.2155 3.9 5.1 3.3737
8.8333 7.9438 6.2275 3.9 5.1 3.3737
8.8554 7.8971 6.2403 3.9 5.1 3.3737
8.8735 7.8531 6.254 3.9 5.1 3.3737
8.8875 7.8119 6.2686 3.9 5.1 3.3737
8.8973 7.7738 6.284 3.9 5.1 3.3737
8.903 7.7386 6.3003 3.9 5.1 3.3737
8.905 7.7061 6.3174 3.9 5.1 3.3737
8.9035 7.6759 6.3351 3.9 5.1 3.3737
8.8992 7.6476 6.3535 3.9 5.1 3.3737
8.8924 7.6207 6.3723 3.9 5.1 3.3737
8.8837 7.5949 6.3915 3.9 5.1 3.3737
8.8734 7.5696 6.4109 3.9 5.1 3.3737
8.8621 7.5445 6.4306 3.9 5.1 3.3737
8.8503 7.5191 6.4503 3.9 5.1 3.3737
8.8383 7.4931 6.47 3.9 5.1 3.3737
8.8266 7.4659 6.4896 3.9 5.1 3.3737
8.8158 7.4372 6.5089 3.9 5.1 3.3737
8.8063 7.4065 6.528 3.9 5.1 3.3737
8.7985 7.3734 6.5466 3.9 5.1 3.3737
8.7928 7.3374 6.5646 3.9 5.1 3.3737
8.7899 7.2982 6.5821 3.9 5.1 3.3737
8.7901 7.2553 6.5988 3.9 5.1 3.3737
8.7938 7.2084 6.6147 3.9 5.1 3.3737
8.8014 7.1571 6.6298 3.9 5.1 3.3737
8.8128 7.1015 6.6439 3.9 5.1 3.3737
8.828 7.0417 6.6573 3.9 5.1 3.3737
8.8467 6.9783 6.67 3.9 5.1 3.3737
8.8684 6.9116 6.6822 3.9 5.1 3.3737
8.8925 6.8422 6.6939 3.9 5.1 3.3737
8.9185 6.7709 6.7055 3.9 5.1 3.3737
8.946 6.6982 6.7171 3.9 5.1 3.3737
8.9744 6.6246 6.7288 3.9 5.1 3.3737
9.0031 6.5507 6.7408 3.9 5.1 3.3737
9.0318 6.4772 6.7533 3.9 5.1 3.3737
9.0598 6.4046 6.7664 3.9 5.1 3.3737
9.0866 6.3336 6.7804 3.9 5.1 3.3737
9.1118 6.2646 6.7953 3.9 5.1 3.3737
9.1347 6.1983 6.8113 3.9 5.1 3.3737
9.155 6.1354 6.8286 3.9 5.1 3.3737
9.172 6.0763 6.8474 3.9 5.1 3.3737
9.1853 6.0217 6.8679 3.9 5.1 3.3737
9.1944 5.9721 6.8901 3.9 5.1 3.3737
9.1987 5.9282 6.9143 3.9 5.1 3.3737
9.198 5.8902 6.9405 3.9 5.1 3.3737
9.1922 5.8583 6.9688 3.9 5.1 3.3737
9.1817 5.8324 6.9989 3.9 5.1 3.3737
9.1667 5.8122 7.0306 3.9 5.1 3.3737
9.148 5.7971 7.0638 3.9 5.1 3.3737
9.1262 5.7865 7.0979 3.9 5.1 3.3737
9.102 5.7799 7.1329 3.9 5.1 3.3737
9.0761 5.7768 7.1682 3.9 5.1 3.3737
9.0493 5.7765 7.2037 3.9 5.1 3.3737
9.0221 5.7785 7.239 3.9 5.1 3.3737
8.9952 5.7822 7.2737 3.9 5.1 3.3737
8.9694 5.787 7.3077 3.9 5.1 3.3737
8.9453 5.7924 7.3405 3.9 5.1 3.3737
8.9237 5.7978 7.3718 3.9 5.1 3.3737
8.9051 5.8027 7.4014 3.9 5.1 3.3737
8.8903 5.8064 7.429 3.9 5.1 3.3737
8.88 5.8084 7.4541 3.9 5.1 3.3737
8.8748 5.8082 7.4765 3.9 5.1 3.3737
8.8755 5.8051 7.496 3.9 5.1 3.3737
8.8826 5.7986 7.5121 3.9 5.1 3.3737
8.8966 5.7884 7.5247 3.9 5.1 3.3737
8.9176 5.7742 7.5338 3.9 5.1 3.3737
8.9455 5.756 7.5393 3.9 5.1 3.3737
8.9798 5.734 7.5413 3.9 5.1 3.3737
9.0198 5.7084 7.5403 3.9 5.1 3.3737
9.0649 5.6796 7.5363 3.9 5.1 3.3737
9.1144 5.648 7.5297 3.9 5.1 3.3737
9.1674 5.6138 7.5208 3.9 5.1 3.3737
9.2234 5.5774 7.5098 3.9 5.1 3.3737
9.2816 5.5392 7.4969 3.9 5.1 3.3737
9.3413 5.4994 7.4824 3.9 5.1 3.3737
9.4018 5.4584 7.4667 3.9 5.1 3.3737
9.4624 5.4165 7.4499 3.9 5.1 3.3737
9.5224 5.3741 7.4323 3.9 5.1 3.3737
9.581 5.3315 7.4142 3.9 5.1 3.3737
9.6376 5.289 7.3959 3.9 5.1 3.3737
9.6914 5.247 7.3776 3.9 5.1 3.3737
9.7417 5.2058 7.3596 3.9 5.1 3.3737
9.7879 5.1657 7.3421 3.9 5.1 3.3737
9.8293 5.1271 7.3254 3.9 5.1 3.3737
9.8653 5.0901 7.3097 3.9 5.1 3.3737
9.8956 5.0549 7.2951 3.9 5.1 3.3737
9.9203 5.0215 7.2817 3.9 5.1 3.3737
9.9393 4.9897 7.2695 3.9 5.1 3.3737
9.9531 4.9592 7.2584 3.9 5.1 3.3737
9.962 4.9299 7.2484 3.9 5.1 3.3737
9.9663 4.9014 7.2393 3.9 5.1 3.3737
9.9663 4.8735 7.2311 3.9 5.1 3.3737
9.9625 4.8461 7.2237 3.9 5.1 3.3737
9.9551 4.8187 7.217 3.9 5.1 3.3737
9.9444 4.7912 7.2111 3.9 5.1 3.3737
9.931 4.7633 7.2057 3.9 5.1 3.3737
9.915 4.7347 7.2008 3.9 5.1 3.3737
9.8968 4.7053 7.1964 3.9 5.1 3.3737
9.8768 4.6746 7.1924 3.9 5.1 3.3737
9.8553 4.6426 7.1886 3.9 5.1 3.3737
9.8327 4.6089 7.1851 3.9 5.1 3.3737
9.8092 4.5734 7.1817 3.9 5.1 3.3737
9.7853 4.5356 7.1784 5.1 5.1 4.0772
9.7613 4.4954 7.1751 5.1 5.1 4.0772
9.7374 4.4527 7.1718 5.1 5.1 4.0772
9.714 4.4075 7.1684 5.1 5.1 4.0772
9.6911 4.3597 7.165 5.1 5.1 4.0772
9.669 4.3096 7.1616 5.1 5.1 4.0772
9.6477 4.2574 7.1583 5.1 5.1 4.0772
9.6274 4.2036 7.1552 5.1 5.1 4.0772
9.608 4.1482 7.1524 5.1 5.1 4.0772
9.5898 4.0918 7.1499 5.1 5.1 4.0772
9.5727 4.0344 7.1479 5.1 5.1 4.0772
9.557 3.9766 7.1464 5.1 5.1 4.0772
9.5425 3.9184 7.1455 5.1 5.1 4.0772
9.5296 3.8603 7.1452 5.1 5.1 4.0772
9.5181 3.8025 7.1458 5.1 5.1 4.0772
9.5083 3.7454 7.1472 5.1 5.1 4.0772
9.5002 3.6891 7.1496 5.1 5.1 4.0772
9.4939 3.6341 7.153 5.1 5.1 4.0772
9.4894 3.5806 7.1575 5.1 5.1 4.0772
9.487 3.5289 7.1633 5.1 5.1 4.0772
9.4866 3.4793 7.1703 5.1 5.1 4.0772
9.4883 3.4321 7.1786 5.1 5.1 4.0772
9.4922 3.3875 7.1884 5.1 5.1 4.0772
9.498 3.3456 7.1996 5.1 5.1 4.0772
9.5057 3.3063 7.2122 5.1 5.1 4.0772
9.5148 3.2697 7.2261 5.1 5.1 4.0772
9.5249 3.2355 7.2412 5.1 5.1 4.0772
9.5357 3.2036 7.2575 5.1 5.1 4.0772
9.5467 3.1738 7.2748 5.1 5.1 4.0772
9.5575 3.1458 7.2931 5.1 5.1 4.0772
9.5677 3.1196 7.3122 5.1 5.1 4.0772
9.5768 3.0949 7.332 5.1 5.1 4.0772
9.5844 3.0715 7.3524 5.1 5.1 4.0772
9.5902 3.0493 7.3734 5.1 5.1 4.0772
9.5936 3.028 7.3948 5.1 5.1 4.0772
9.5943 3.0076 7.4166 5.1 5.1 4.0772
9.5918 2.9878 7.4386 5.1 5.1 4.0772
9.5858 2.9684 7.4607 5.1 5.1 4.0772
9.5758 2.9492 7.4829 5.1 5.1 4.0772
9.5613 2.9301 7.5049 5.1 5.1 4.0772
9.542 2.9109 7.5269 5.1 5.1 4.0772
9.5174 2.8914 7.5485 5.1 5.1 4.0772
9.4874 2.8715 7.5699 5.1 5.1 4.0772
9.452 2.851 7.5908 5.1 5.1 4.0772
9.4114 2.8301 7.6115 5.1 5.1 4.0772
9.3661 2.8088 7.6319 5.1 5.1 4.0772
9.3167 2.7871 7.652 5.1 5.1 4.0772
9.2638 2.7651 7.6721 5.1 5.1 4.0772
9.2081 2.7431 7.6921 5.1 5.1 4.0772
9.1504 2.721 7.7122 5.1 5.1 4.0772
9.0912 2.699 7.7325 5.1 5.1 4.0772
9.0312 2.6772 7.753 5.1 5.1 4.0772
8.9711 2.6557 7.7738 5.1 5.1 4.0772
8.9115 2.6347 7.7951 5.1 5.1 4.0772
8.8532 2.6142 7.8169 5.1 5.1 4.0772
8.7968 2.5943 7.8393 5.1 5.1 4.0772
8.743 2.5752 7.8623 5.1 5.1 4.0772
8.6924 2.5569 7.8862 5.1 5.1 4.0772
8.6456 2.5396 7.9109 5.1 5.1 4.0772
8.6035 2.5233 7.9366 5.1 5.1 4.0772
8.5666 2.5083 7.9633 5.1 5.1 4.0772
8.5355 2.4945 7.9912 5.1 5.1 4.0772
8.5107 2.482 8.0202 5.1 5.1 4.0772
8.4925 2.4708 8.0503 5.1 5.1 4.0772
8.4809 2.4607 8.0815 5.1 5.1 4.0772
8.4757 2.4514 8.1137 5.1 5.1 4.0772
8.4766 2.4428 8.1466 5.1 5.1 4.0772
8.483 2.4343 8.18 5.1 5.1 4.0772
8.4948 2.4259 8.2138 5.1 5.1 4.0772
8.5114 2.417 8.2478 5.1 5.1 4.0772
8.5324 2.4075 8.2819 5.1 5.1 4.0772
8.5575 2.3969 8.3157 5.1 5.1 4.0772
8.5863 2.3851 8.3491 5.1 5.1 4.0772
8.6183 2.3716 8.382 5.1 5.1 4.0772
8.6532 2.3562 8.4141 5.1 5.1 4.0772
8.6906 2.3385 8.4453 5.1 5.1 4.0772
8.7301 2.3183 8.4753 5.1 5.1 4.0772
8.7713 2.2952 8.504 5.1 5.1 4.0772
8.8137 2.2689 8.5312 5.1 5.1 4.0772
8.8571 2.239 8.5567 5.1 5.1 4.0772
8.9009 2.2054 8.5804 5.1 5.1 4.0772
8.9449 2.1676 8.6019 5.1 5.1 4.0772
8.9886 2.1256 8.6213 5.1 5.1 4.0772
9.0318 2.0792 8.6384 5.1 5.1 4.0772
9.0744 2.0286 8.6531 5.1 5.1 4.0772
9.1162 1.974 8.6655 5.1 5.1 4.0772
9.157 1.9157 8.6756 5.1 5.1 4.0772
9.197 1.8541 8.6835 5.1 5.1 4.0772
9.2359 1.7897 8.6892 5.1 5.1 4.0772
9.2737 1.7226 8.6929 5.1 5.1 4.0772
9.3104 1.6535 8.6944 5.1 5.1 4.0772
9.3459 1.5825 8.694 5.1 5.1 4.0772
9.3801 1.5101 8.6916 5.1 5.1 4.0772
9.413 1.4366 8.6874 5.1 5.1 4.0772
9.4445 1.3624 8.6813 5.1 5.1 4.0772
9.4745 1.2879 8.6734 5.1 5.1 4.0772
9.503 1.2135 8.6639 5.1 5.1 4.0772
9.5299 1.1395 8.6527 5.1 5.1 4.0772
9.5551 1.0663 8.6399 5.1 5.1 4.0772
9.5786 0.99422 8.6255 5.1 5.1 4.0772
9.6004 0.92369 8.6097 5.1 5.1 4.0772
9.6203 0.85507 8.5924 5.1 5.1 4.0772
9.6382 0.78873 8.5737 5.1 5.1 4.0772
9.6542 0.72503 8.5538 5.1 5.1 4.0772
9.6682 0.66435 8.5325 5.1 5.1 4.0772
9.68 0.60705 8.5101 5.1 5.1 4.0772
9.6897 0.55351 8.4865 5.1 5.1 4.0772
9.6971 0.50409 8.4619 5.1 5.1 4.0772
9.7023 0.45918 8.4362 5.1 5.1 4.0772
9.705 0.41913 8.4095 5.1 5.1 4.0772
9.7054 0.38432 8.3819 5.1 5.1 4.0772
9.7032 0.35511 8.3535 5.1 5.1 4.0772
9.6985 0.33189 8.3242 5.1 5.1 4.0772
9.6912 0.31502 8.2942 5.1 5.1 4.0772
9.6812 0.30487 8.2635 5.1 5.1 4.0772
9.6684 0.30181 8.2322 5.1 5.1 4.0772
9.6529 0.30621 8.2003 5.1 5.1 4.0772
9.6344 0.31844 8.1678 5.1 5.1 4.0772
9.613 0.33888 8.1349 5.1 5.1 4.0772
9.5886 0.36789 8.1016 5.1 5.1 4.0772
9.5612 0.40584 8.068 5.1 5.1 4.0772
9.5327 0.44665 8.0342 5.1 5.1 4.0772
9.5 0.5 8 5.1 5.1 4.0772
