-1.5 1 1.5 0 0 0 0 0 0
-1.3 1 1.5 0 0 0 0 0 0
-1.1 1 1.5 0 0 0 0 0 0
-0.9 1 1.5 0 0 0 0 0 0
-0.7 1 1.5 0 0 0 0 0 0
-0.5 1 1.5 0 0 0 0 0 0
-0.3 1 1.5 0 0 0 0 0 0
-0.1 1 1.5 0 0 0 0 0 0
0.1 1 1.5 0 0 0 0 0 0
0.3 1 1.5 0 0 0 0 0 0
0.5 1 1.5 0 0 0 0 0 0
0.7 1 1.5 0 0 0 0 0 0
0.9 1 1.5 0 0 0 0 0 0
1.1 1 1.5 0 0 0 0 0 0
1.3 1 1.5 0 0 0 0 0 0
1.5 1 1.5 0 0 0 0 0 0
1.5 1.06 1.3 0 0 0 0 0 0
1.5 1.12 1.1 0 0 0 0 0 0
1.5 1.18 0.9 0 0 0 0 0 0
1.5 1.24 0.7 0 0 0 0 0 0
1.5 1.3 0.5 0 0 0 0 0 0
1.5 1.36 0.3 0 0 0 0 0 0
1.5 1.42 0.1 0 0 0 0 0 0
1.5 1.48 -0.1 0 0 0 0 0 0
1.5 1.54 -0.3 0 0 0 0 0 0
1.5 1.6 -0.5 0 0 0 0 0 0
1.5 1.66 -0.7 0 0 0 0 0 0
1.5 1.72 -0.9 0 0 0 0 0 0
1.5 1.78 -1.1 0 0 0 0 0 0
1.5 1.84 -1.3 0 0 0 0 0 0
1.5 1.9 -1.5 0 0 0 0 0 0